000000000000000000000000000000000000000000000000000000000000000000000000 313431 000000000000000000000000000000000000000000000000000000000000000000003100
000000000000000000000000000000000000000000000000000000000000000000003100 343132 000000000000000000000000000000000000000000000000000000000000040000033100
000000000000000000000000000000000000000000000000000000000000040000033100 313221 000000000000000000000000000000000000000000000000000000000300040100033100
000000000000000000000000000000000000000000000000000000000300040100033100 322122 000000000000000000000000000000000000000000000000000000000300040100033132
000000000000000000000000000000000000000000000000000000000300040100033132 212243 000000000000000000000000000000000000000000000000000000000300040112033132
000000000000000000000000000000000000000000000000000000000300040112033132 224341 000000000000000000000000000000000000000000000000000020000320040112033132
000000000000000000000000000000000000000000000000000020000320040112033132 434143 000000000000000000000000000000000000000000000000000020000320440112333132
000000000000000000000000000000000000000000000000000020000320440112333132 414341 000000000000000000000000000000000000000000000000000020001320444112333132
000000000000000000000000000000000000000000000000000020001320444112333132 434141 000000000000000000000000000000000000000000000000000000000000000000000000
000000000000000000000000000000000000000000000000000000000000000000000000 414124 000000000000000000000000000000000000000000000000000000000000000004000001
000000000000000000000000000000000000000000000000000000000000000004000001 412413 000000000000000000000000000000000000000000000000000003000004000004000001
000000000000000000000000000000000000000000000000000003000004000004000001 241331 000000000000000000000000000000000000000000000000000003000004000044000021
000000000000000000000000000000000000000000000000000003000004000044000021 133132 000000000000000000000000000000000000000001000003000003000004000044000021
=== end ===
000000000000000000000000000000000000000000000000000000000000003000004000 424211 000000000000000000000000000000000000000000000000000000000000203000404000
000000000000000000000000000000000000000000000000000000000000203000404000 421111 000000000000000000000000000000000000000000000000000000000000223000444000
000000000000000000000000000000000000000000000000000000000000223000444000 111124 000000000000000000000000000000000000000000000000000000000000223100444100
000000000000000000000000000000000000000000000000000000000000223100444100 112443 000000000000000000000000000000000000000000000000001000001000223100444100
000000000000000000000000000000000000000000000000001000001000223100444100 244334 000000000000000000000000000000000000000000000000001000241000223100444100
000000000000000000000000000000000000000000000000001000241000223100444100 433411 000000000000000000000000000000000000000000000000001000241000223100444134
000000000000000000000000000000000000000000000000001000241000223100444134 341131 000000000000000000000000000000000000000000000000001000241000223134444134
000000000000000000000000000000000000000000000000001000241000223134444134 113123 000000000000000000000000000000000000000000100000101000241000223134444134
000000000000000000000000000000000000000000100000101000241000223134444134 312312 000000000000000000000000000000000000100000100000131000241000223134444134
000000000000000000000000000000000000100000100000131000241000223134444134 231243 000000000000000000000000000000000000120000130000131000241000223134444134
000000000000000000000000000000000000120000130000131000241000223134444134 124311 000000000000000000000000010000020000120000130000131000241000223134444134
000000000000000000000000010000020000120000130000131000241000223134444134 431123 000000000000000000000000010000020000120000130000130041240041220134444134
000000000000000000000000010000020000120000130000130041240041220134444134 112343 000000000000000000000000000000000000104000102000101441241341223134444134
000000000000000000000000000000000000104000102000101441241341223134444134 234331 000000000000000000000000210000320000124413132313131441241341223134444134
000000000000000000000000210000320000124413132313131441241341223134444134 433113 000000000000000000000000210011320032124413132313131441241341223134444134
000000000000000000000000210011320032124413132313131441241341223134444134 311334 000000000000000003030431210211322432124413132313131441241341223134444134
000000000000000003030431210211322432124413132313131441241341223134444134 133422 000002000001000003000001010001020002120013130013130041240041220134444134
000002000001000003000001010001020002120013130013130041240041220134444134 342242 000000000000000000030000214232322432124413132313131441241341223134444134
000000000000000000030000214232322432124413132313131441241341223134444134 224243 000000000000000000032200214232322432124413132313131441241341223134444134
=== end ===
000000000000000000000000000000000000000000000000000000000000001000004000 441112 000000000000000000000000000000000000000000000000000000000000001000444000
000000000000000000000000000000000000000000000000000000000000001000444000 111211 000000000000000000000000000000000000000000000000000000000000111000444000
000000000000000000000000000000000000000000000000000000000000111000444000 121114 000000000000000000000000000000000000000000000000400100400100111300444200
000000000000000000000000000000000000000000000000400100400100111300444200 111414 000000000000000000000000000000000000000000000000400104400101111301444202
000000000000000000000000000000000000000000000000400104400101111301444202 141432 000000000000000000000000000000000000000000000000400000400000111300444222
000000000000000000000000000000000000000000000000400000400000111300444222 143242 000000000000000000000000000000000000000000000000400000403100111300444222
000000000000000000000000000000000000000000000000400000403100111300444222 324231 000000000000000000000000000000000000000000000000402000433100111300444222
000000000000000000000000000000000000000000000000402000433100111300444222 423112 000000000000000000000000000000000000000000000000402000433120111340444222
000000000000000000000000000000000000000000000000402000433120111340444222 311243 000000000000000000000000000000000000000000010000432000433120111340444222
000000000000000000000000000000000000000000010000432000433120111340444222 124344 000000000000000000000000000000000000000000011000432200433120111340444222
000000000000000000000000000000000000000000011000432200433120111340444222 434433 000000000000000000000000000000000000000000011040432230433120111340444222
000000000000000000000000000000000000000000011040432230433120111340444222 443314 000000000000000000000000000000000000000000011040432230433124111344444222
000000000000000000000000000000000000000000011040432230433124111344444222 331423 000000000000000000000000000000000000000000011043432233433124111344444222
000000000000000000000000000000000000000000011043432233433124111344444222 142323 000000000000000000000000000000000000000040011143432233433124111344444222
000000000000000000000000000000000000000040011143432233433124111344444222 232311 000000000000000000000000000030000020000040011143432233433124111344444222
000000000000000000000000000030000020000040011143432233433124111344444222 231131 000000000000000000000030000030000020000240011143432233433124111344444222
000000000000000000000030000030000020000240011143432233433124111344444222 113111 000000000000000000000000000000000000000000000001430001433124111344444222
000000000000000000000000000000000000000000000001430001433124111344444222 311133 000000000000000000000000000010000010550025555511435331433124111344444222
000000000000000000000000000010000010550025555511435331433124111344444222 113324 000000000000000000000000000110000210501220555511435331433124111344444222
000000000000000000000000000110000210501220555511435331433124111344444222 332423 000000000000000000000000000113000213550225550511430331433124111344444222
000000000000000000000000000113000213550225550511430331433124111344444222 242341 000000000000000000000200000113004213551225555511435331433124111344444222
000000000000000000000200000113004213551225555511435331433124111344444222 234111 000000000000000230000250000113000213500225550511430331433124111344444222
000000000000000230000250000113000213500225550511430331433124111344444222 411141 000000000000000230000250010110044210551220555511435331433124111344444222
000000000000000230000250010110044210551220555511435331433124111344444222 114141 000000000000000000000000000010004010001020555011435331433124111344444222
000000000000000000000000000010004010001020555011435331433124111344444222 414123 000000000000000200000200110110440210550220550511430331433124111344444222
000000000000000200000200110110440210550220550511430331433124111344444222 412321 000000000000000200000200000110004210001220555511435331433124111344444222
000000000000000200000200000110004210001220555511435331433124111344444222 232114 000000000000000200000200000110000210000220550511430331433124111344444222
000000000000000200000200000110000210000220550511430331433124111344444222 211443 000000000000000200000200000110000210000220550511430331433124111344444222
000000000000000200000200000110000210000220550511430331433124111344444222 144312 000000020000020230010250010110044210051220555511435331433124111344444222
000000020000020230010250010110044210051220555511435331433124111344444222 431243 000000020000020200010200010110044210051220555511435331433124111344444222
000000020000020200010200010110044210051220555511435331433124111344444222 124313 000000000000000000000000000000000000000000000000300000400000140000331330
000000000000000000000000000000000000000000000000300000400000140000331330 431343 000000000000000000000000000000000000000000000000330000440000140000331330
000000000000000000000000000000000000000000000000330000440000140000331330 134321 000000000000000000000000000000000000010000030000330000440000140000331330
=== end ===
000000000000000000000000000000000000000000000000000000000000000000000000 341411 000000000000000000000000000000000000000000000000000000000000003000004000
000000000000000000000000000000000000000000000000000000000000003000004000 141111 000000000000000000000000000000000000000000000000000000000000013000044000
000000000000000000000000000000000000000000000000000000000000013000044000 111132 000000000000000000000000000000000000000000000000000000000000113000144000
000000000000000000000000000000000000000000000000000000000000113000144000 113232 000000000000000000000000000000000000000000000000000000000000113000144011
000000000000000000000000000000000000000000000000000000000000113000144011 323233 000000000000000000000000000000000000000000000000000000000000113020144311
000000000000000000000000000000000000000000000000000000000000113020144311 323341 000000000000000000000000000000000000000000000000000000000003113022144311
000000000000000000000000000000000000000000000000000000000003113022144311 334132 000000000000000000000000000000000000000000000003000003000003113022144311
000000000000000000000000000000000000000000000003000003000003113022144311 413224 000000000000000000000000000000000000000000000003000003041003113022144311
000000000000000000000000000000000000000000000003000003041003113022144311 322422 000000000000000000000000000000000000000000000003000003041303113222144311
000000000000000000000000000000000000000000000003000003041303113222144311 242231 000000000000000000000000000000000000000000000003200003441303113222144311
000000000000000000000000000000000000000000000003200003441303113222144311 223141 000000000000000000000000000000000000000000000003222003441303113222144311
000000000000000000000000000000000000000000000003222003441303113222144311 314122 000000000000000000000000000000000000000000000003222303441313113222144311
000000000000000000000000000000000000000000000003222303441313113222144311 412211 000000000000000000000000000000000000000000000043222313441313113222144311
000000000000000000000000000000000000000000000043222313441313113222144311 221123 000000000000000000000000000000000000000200000243222313441313113222144311
000000000000000000000000000000000000000200000243222313441313113222144311 112324 000000000000000000000000000000000000000200011243222313441313113222144311
000000000000000000000000000000000000000200011243222313441313113222144311 232421 000000000000000000000000000000000000032200011243222313441313113222144311
000000000000000000000000000000000000032200011243222313441313113222144311 242121 000000000000000000000000000000000002032204011243222313441313113222144311
000000000000000000000000000000000002032204011243222313441313113222144311 212113 000000000000000000000000000000000002232204111243222313441313113222144311
000000000000000000000000000000000002232204111243222313441313113222144311 211334 000000000000000000000000100000200002232204111243222313441313113222144311
000000000000000000000000100000200002232204111243222313441313113222144311 133414 000000000000000000100000100000230002232204111243222313441313113222144311
000000000000000000100000100000230002232204111243222313441313113222144311 341421 000000000000000000100000100000230032232244111243222313441313113222144311
000000000000000000100000100000230032232244111243222313441313113222144311 142142 000000000000000000140000110000230032232244111243222313441313113222144311
000000000000000000140000110000230032232244111243222313441313113222144311 214243 000000000000210000140000110000230032232244111243222313441313113222144311
000000000000210000140000110000230032232244111243222313441313113222144311 424341 000000020000210000140000110000234032232244111243222313441313113222144311
000000020000210000140000110000234032232244111243222313441313113222144311 434141 000000020000210000140000114000234332232244111243222313441313113222144311
000000020000210000140000114000234332232244111243222313441313113222144311 414134 000000020000210000140100114400234332232244111243222313441313113222144311
000000020000210000140100114400234332232244111243222313441313113222144311 413424 000000020000210000140140114410234332232244111243222313441313113222144311
000000020000210000140140114410234332232244111243222313441313113222144311 342421 000000000000000000000000000040000012000044000043222313441313113222144311
000000000000000000000000000040000012000044000043222313441313113222144311 242113 000000000000000000000000000040000012002044004043222313441313113222144311
000000000000000000000000000040000012002044004043222313441313113222144311 211331 000000000000000000000000000040000012002244004143222313441313113222144311
000000000000000000000000000040000012002244004143222313441313113222144311 133113 000000000000000000000030000040000112002244004143222313441313113222144311
000000000000000000000030000040000112002244004143222313441313113222144311 311331 000000000000000000000030000140003112002244004143222313441313113222144311
000000000000000000000030000140003112002244004143222313441313113222144311 133132 000000000000000000310034130143313112332244414143222313441313113222144311
000000000000000000310034130143313112332244414143222313441313113222144311 313221 435000413003313004312234133143313112332244414143222313441313113222144311
=== end ===
000000000000000000000000000000000000000000000000000000000000000000000000 222433 000000000000000000000000000000000000000000000000000000000000200000200000
000000000000000000000000000000000000000000000000000000000000200000200000 243323 000000000000000000000000000000000000000000000000000000000000240000220000
000000000000000000000000000000000000000000000000000000000000240000220000 332322 000000000000000000000000000000000000000000000000000000000000240000223300
000000000000000000000000000000000000000000000000000000000000240000223300 232241 000000000000000000000000000000000000000000000000000000000000240000223332
000000000000000000000000000000000000000000000000000000000000240000223332 224122 000000000000000000000000000000000000000000000000000000000000240022223332
000000000000000000000000000000000000000000000000000000000000240022223332 412242 000000000000000000000000000000000000000000000000010000040000240022223332
000000000000000000000000000000000000000000000000010000040000240022223332 224233 000000000000000000000000000000000000000000000000010000042000242022223332
000000000000000000000000000000000000000000000000010000042000242022223332 423332 000000000000000000000000000000000000000000000000210000442000242022223332
000000000000000000000000000000000000000000000000210000442000242022223332 333231 000000000000000000000000000000000000000000000000210030442030242022223332
000000000000000000000000000000000000000000000000210030442030242022223332 323123 000000000000000000000000000000000000000000000000210032442033242022223332
000000000000000000000000000000000000000000000000210032442033242022223332 312324 000000000000000000000000000000000000030000010000210032442033242022223332
000000000000000000000000000000000000030000010000210032442033242022223332 232434 000000000000000000000000000000000000030003010002210032442033242022223332
000000000000000000000000000000000000030003010002210032442033242022223332 243443 000000000000000000000000000000000000030003010002210032442233242422223332
000000000000000000000000000000000000030003010002210032442233242422223332 344312 000000000000000000000000000000000000030003013002214032442233242422223332
000000000000000000000000000000000000030003013002214032442233242422223332 431221 000000000000000000000000000000000000030033013042214032442233242422223332
000000000000000000000000000000000000030033013042214032442233242422223332 122113 000000000000000000000000000000000000100033210042214032442233242422223332
000000000000000000000000000000000000100033210042214032442233242422223332 211311 000000000000300000240000240000110000133033213442214132442233242422223332
000000000000300000240000240000110000133033213442214132442233242422223332 131113 000000000000330000240000240000114000133233213442214132442233242422223332
000000000000330000240000240000114000133233213442214132442233242422223332 111311 000000100000200000240000240000114000133233213442214132442233242422223332
000000100000200000240000240000114000133233213442214132442233242422223332 131133 100000100000200000240400242400114200133233213442214132442233242422223332
100000100000200000240400242400114200133233213442214132442233242422223332 113343 110000130000230000240400242400114224133233213442214132442233242422223332
110000130000230000240400242400114224133233213442214132442233242422223332 334321 000000000000000000100000300000200000200000200000100000102000213100213414
000000000000000000100000300000200000200000200000100000102000213100213414 432111 000000030000040000140000330000230000240000240000110000132003213102213414
000000030000040000140000330000230000240000240000110000132003213102213414 211113 000000230000140000140000330000230000240000240000110000132003213102213414
000000230000140000140000330000230000240000240000110000132003213102213414 111331 000000230000140000140000330000230000240000240001110001132003213102213414
000000230000140000140000330000230000240000240001110001132003213102213414 133112 000000230000140000140000330000230000240000240001113001132103213102213414
000000230000140000140000330000230000240000240001113001132103213102213414 311242 000000230000140000140000330000230000241000243001113001132103213102213414
000000230000140000140000330000230000241000243001113001132103213102213414 124222 000000230000140000140000330000230000241000243001113001132113213122213414
000000230000140000140000330000230000241000243001113001132113213122213414 422231 000000230000140000140000330000230000241000243201113401132113213122213414
000000230000140000140000330000230000241000243201113401132113213122213414 223123 000000230000140000140000330000230200241200243201113401132113213122213414
000000230000140000140000330000230200241200243201113401132113213122213414 312322 030000230000140000140000330000230200241200243201113401132113213122213414
030000230000140000140000330000230200241200243201113401132113213122213414 232234 530000230000140000143000335500235205240205243201113401132113213122213414
530000230000140000143000335500235205240205243201113401132113213122213414 223412 000000000000000000000000000000000000000000000201000401502113503122233414
000000000000000000000000000000000000000000000201000401502113503122233414 341243 000000000000000000000000000000000000000300000201004401502113503122233414
000000000000000000000000000000000000000300000201004401502113503122233414 124311 000000000000000000000000000000000000000305000201004401502113503122233414
000000000000000000000000000000000000000305000201004401502113503122233414 431123 000000000000000000000000000000000300000300004201004401502113503122233414
=== end ===
000000000000000000000000000000000000000000000000000000000000000000000000 144224 000000000000000000000000000000000000000000000000000000000000001000004000
000000000000000000000000000000000000000000000000000000000000001000004000 422432 000000000000000000000000000000000000000000000000000000000000021000044000
000000000000000000000000000000000000000000000000000000000000021000044000 243234 000000000000000000000000000000000000000000000000000000000000221000444000
000000000000000000000000000000000000000000000000000000000000221000444000 323441 000000000000000000000000000000000000000000000000300000200000221000444000
000000000000000000000000000000000000000000000000300000200000221000444000 344133 000000000000000000000000000000000000000000000000330000240000221000444000
000000000000000000000000000000000000000000000000330000240000221000444000 413311 000000000000000000000000000000000000000000000000330000240000221400444100
000000000000000000000000000000000000000000000000330000240000221400444100 331132 000000000000000000000000000000000000000000000000330000240000221403444103
000000000000000000000000000000000000000000000000330000240000221403444103 113244 000000000000000000000000000000000000000000000000330000240000221413444113
000000000000000000000000000000000000000000000000330000240000221413444113 324433 000000000000000000000000000000000000200000300000330000240000221413444113
000000000000000000000000000000000000200000300000330000240000221413444113 443331 000000000000000000000000000000000000200000300000330000240044221413444113
000000000000000000000000000000000000200000300000330000240044221413444113 333143 000000000000000000000000000000000000200000300000330030240344221413444113
000000000000000000000000000000000000200000300000330030240344221413444113 314322 000000000000000000000000000000000401213343311343334134244344221413444113
000000000000000000000000000000000401213343311343334134244344221413444113 432212 000000000000000002000002000001000431213343311343334134244344221413444113
000000000000000002000002000001000431213343311343334134244344221413444113 221214 000000000000000002000202000201000431213343311343334134244344221413444113
000000000000000002000202000201000431213343311343334134244344221413444113 121441 000000000000000000000000000011000431213343311343334134244344221413444113
000000000000000000000000000011000431213343311343334134244344221413444113 144142 000000000000000000000100000411000431213343311343334134244344221413444113
000000000000000000000100000411000431213343311343334134244344221413444113 414214 000000000400000100000100000411000431213343311343334134244344221413444113
000000000400000100000100000411000431213343311343334134244344221413444113 421444 000000000400000120000140000411000431213343311343334134244344221413444113
000000000400000120000140000411000431213343311343334134244344221413444113 144411 000400000400000120505140505411505431213343311343334134244344221413444113
000400000400000120505140505411505431213343311343334134244344221413444113 441122 000000000150000120500140505411505431213343311343334134244344221413444113
000000000150000120500140505411505431213343311343334134244344221413444113 112241 000000000000000020500040550411555431213343311343334134244344221413444113
000000000000000020500040550411555431213343311343334134244344221413444113 224123 000000000000000220500240500411555431213343311343334134244344221413444113
000000000000000220500240500411555431213343311343334134244344221413444113 412332 000000000410000220500240550411555431213343311343334134244344221413444113
000000000410000220500240550411555431213343311343334134244344221413444113 233222 000300000410000220500240552411555431213343311343334134244344221413444113
000300000410000220500240552411555431213343311343334134244344221413444113 322224 000000000000000000500000500000550000210003311003334004244044221413444113
000000000000000000500000500000550000210003311003334004244044221413444113 222423 000000000000000000500000530000550005210243311243334134244344221413444113
000000000000000000500000530000550005210243311243334134244344221413444113 242331 000000000000000000500000530020550045210243311243334134244344221413444113
000000000000000000500000530020550045210243311243334134244344221413444113 233121 000000000000000030500020530020550045210243311243334134244344221413444113
000000000000000030500020530020550045210243311243334134244344221413444113 312113 000000000000000030500020530020550040210240311240334130244340221410444110
000000000000000030500020530020550040210240311240334130244340221410444110 211321 000000000002000031500021530023550045210243311243334134244344221413444113
000000000002000031500021530023550045210243311243334134244344221413444113 132123 500015500032500031500021530523550545210243311243334134244344221413444113
500015500032500031500021530523550545210243311243334134244344221413444113 212321 000010000030000030000020000020000040210243311243334134244344221413444113
000010000030000030000020000020000040210243311243334134244344221413444113 232124 500000500000500000500000530000550040210240311240334130244340221410444110
500000500000500000500000530000550040210240311240334130244340221410444110 212411 000000000000500000500020530010550040215240311240334130244340221410444110
000000000000500000500020530010550040215240311240334130244340221410444110 241114 200000200000500000500000530000550000210000311010334130244340221410444110
200000200000500000500000530000550000210000311010334130244340221410444110 111422 000000000000000000000000000000000000000000000005500003500003500004500114
000000000000000000000000000000000000000000000005500003500003500004500114 142234 000000000000000000000000000000000000000000000005500003500003500144500114
000000000000000000000000000000000000000000000005500003500003500144500114 223413 000000000000000000000000000000000000000000000005500023500023500144500114
000000000000000000000000000000000000000000000005500023500023500144500114 341313 000000000000000000000000000000000000000040000035500023500023500144500114
=== end ===
000000000000000000000000000000000000000000000000000000000000003000004000 411141 000000000000000000000000000000000000000000000000000200000302113102444133
000000000000000000000000000000000000000000000000000200000302113102444133 114113 030000010000040000040000540000530500545400545400525200145302113102444133
030000010000040000040000540000530500545400545400525200145302113102444133 411342 030500010500040500040500040500030550040450545450525250145352113152444133
=== end ===
000000000000000000000000000000000000000000000000000000000000000000000000 244124 000000000000000000000000000000000000000000000000000000000000002000004000
000000000000000000000000000000000000000000000000000000000000002000004000 412414 000000000000000000000000000000000000000000000000000000000000422000144000
000000000000000000000000000000000000000000000000000000000000422000144000 241421 000000000000000000000000000000000000000000000000000000000000422000144240
000000000000000000000000000000000000000000000000000000000000422000144240 142124 000000000000000000000000000000000000000000000000000000140000422000144240
000000000000000000000000000000000000000000000000000000140000422000144240 212424 000000000000000000000000000000000000000000000000002000141000422000144240
000000000000000000000000000000000000000000000000002000141000422000144240 242421 000000000000000000000000000000000000000000000000002000141000422002144244
000000000000000000000000000000000000000000000000002000141000422002144244 242143 000000000000000000000000000000000000000000000000002000141200422402144244
000000000000000000000000000000000000000000000000002000141200422402144244 214311 000000000000000000000000014000033000043000024000112000141200422402144244
000000000000000000000000014000033000043000024000112000141200422402144244 431143 000000000000010000014000014000133000143000324000112003141202422402144244
000000000000010000014000014000133000143000324000112003141202422402144244 114344 000000000000000000000000000000000000000000320000112103141202422402144244
000000000000000000000000000000000000000000320000112103141202422402144244 434414 000000000000000000000000000000340000440003320003112103141202422402144244
000000000000000000000000000000340000440003320003112103141202422402144244 441413 000000000000000000000000000001340001440003320103112113141242422422144244
000000000000000000000000000001340001440003320103112113141242422422144244 141332 000000000000000000000000000001340001441003324103112113141242422422144244
000000000000000000000000000001340001441003324103112113141242422422144244 133224 000000000000000000000000130001340001441003324103112113141242422422144244
000000000000000000000000130001340001441003324103112113141242422422144244 322423 000000000000000000230000130001340001441003324103112113141242422422144244
000000000000000000230000130001340001441003324103112113141242422422144244 242331 000000000000000004230002130001340001441003324103112113141242422422144244
000000000000000004230002130001340001441003324103112113141242422422144244 233131 000000000000000000230000130000340000441000324000112000141000455500144500
000000000000000000230000130000340000441000324000112000141000455500144500 313142 000000000000000000000000000000000000000000000000000000000000201000122000
000000000000000000000000000000000000000000000000000000000000201000122000 314241 000000000000000000000000000000000000000000000000003000021000211000122000
000000000000000000000000000000000000000000000000003000021000211000122000 424122 000000000000000000000000000000000000000000000000403000221000211000122000
000000000000000000000000000000000000000000000000403000221000211000122000 412213 000000000000000000000000000000000000000000400000413000221000211000122000
000000000000000000000000000000000000000000400000413000221000211000122000 221322 000000000000000000000000000000200000200000400000413000221000211000122000
000000000000000000000000000000200000200000400000413000221000211000122000 132222 000000000000000000000000000000200000200000400000413000221000211300122100
000000000000000000000000000000200000200000400000413000221000211300122100 222231 000000000000000000000000000000200000202000402000413000221000211300122100
000000000000000000000000000000200000202000402000413000221000211300122100 223132 000000000000000000000000000000200000202000402000413000221000211300122122
=== end ===
000000000000000000000000000000000000000000000000000000000000000000000000 433434 000000000000000000000000000000000000000000000000000000000000004000003000
000000000000000000000000000000000000000000000000000000000000004000003000 343441 000000000000000000000000000000000000000000000000000000000000044000033000
000000000000000000000000000000000000000000000000000000000000044000033000 344114 000000000000000000000000000000000000000000000000000000000000444000333000
000000000000000000000000000000000000000000000000000000000000444000333000 411412 000000000000000000000000000000000000000000000000000000000000444000333410
000000000000000000000000000000000000000000000000000000000000444000333410 141242 000000000000000000000000000000000000000000000000000000000400444100333410
000000000000000000000000000000000000000000000000000000000400444100333410 124241 000000000000000000000000000000000000000000000000000000000400444102333411
000000000000000000000000000000000000000000000000000000000400444102333411 424131 000000000000000000000000000000000000000000000000000004000402444102333411
000000000000000000000000000000000000000000000000000004000402444102333411 413144 000000000000000000000000000000000000000000000000004004001402444102333411
000000000000000000000000000000000000000000000000004004001402444102333411 314413 000000000000000000000000000000000000000000000000004004131402444102333411
000000000000000000000000000000000000000000000000004004131402444102333411 441314 000000000000000000000000000000000000004000004000004004131402444102333411
000000000000000000000000000000000000004000004000004004131402444102333411 131431 000000000000005005041005041004541502534152434354114344131412444122333411
000000000000005005041005041004541502534152434354114344131412444122333411 143124 000000050000055000041000041534541522534152434354114344131412444122333411
000000050000055000041000041534541522534152434354114344131412444122333411 312441 000000000000055035041015041034541022534152434354114344131412444122333411
000000000000055035041015041034541022534152434354114344131412444122333411 244141 550005550002555005541005541504541502534102434354114344131412444122333411
=== end ===
000000000000000000000000000000000000000000000000000000000000000000000000 244141 000000000000000000000000000000000000000000000000000000000000002000004000
000000000000000000000000000000000000000000000000000000000000002000004000 414144 000000000000000000000000000000000000000000000000000000000000012000044000
000000000000000000000000000000000000000000000000000000000000012000044000 414413 000000000000000000000000000000000000000000000000000000000000112000444000
000000000000000000000000000000000000000000000000000000000000112000444000 441344 000000000000000000000000000000000000000000000000400000400000112000444000
000000000000000000000000000000000000000000000000400000400000112000444000 134442 000000000000000000000000000000010000010000330000430010410010112040444040
000000000000000000000000000000010000010000330000430010410010112040444040 444222 000000000000000000000000000000010000010000330000430010414210112440444140
000000000000000000000000000000010000010000330000430010414210112440444140 422224 000000000000000000000000550000510000515020335010435010414215112445444145
000000000000000000000000550000510000515020335010435010414215112445444145 222422 000000000000000000000000000050010250010220330510430510414210112440444140
000000000000000000000000000050010250010220330510430510414210112440444140 242214 000000000000000000000000550050510250510220330510430510414210112440444140
000000000000000000000000550050510250510220330510430510414210112440444140 221412 000000000000000000000000000000010000010000330010430010414210112440444140
000000000000000000000000000000010000010000330010430010414210112440444140 141232 000000000000000000000000550000510010514040335010435010414215112445444145
000000000000000000000000550000510010514040335010435010414215112445444145 123221 000000000000000000000000550010510010514040335210435510414215112445444145
000000000000000000000000550010510010514040335210435510414215112445444145 322111 000000000000000000000000050010010010010040330010430010414215112445444145
000000000000000000000000050010010010010040330010430010414215112445444145 211121 000000000000000000000000550010510010510040330010435010414210112440444140
000000000000000000000000550010510010510040330010435010414210112440444140 112144 000000000000000000000000500010510010510140330210435510414210112440444140
000000000000000000000000500010510010510140330210435510414210112440444140 214413 000000000000000000000000000000000020554042335212435513414215112445444145
000000000000000000000000000000000020554042335212435513414215112445444145 441323 000000000000000000000000000000044020554042335212435513414215112445444145
000000000000000000000000000000044020554042335212435513414215112445444145 132324 000000000000000000000000030000144020554040335010435010414210112440444140
000000000000000000000000030000144020554040335010435010414210112440444140 232434 000000000000000000000030030020144020554042335212435513414215112445444145
000000000000000000000030030020144020554042335212435513414215112445444145 243414 000000000000000000000000000000000000000030100010400013414215112445444145
000000000000000000000000000000000000000030100010400013414215112445444145 341443 000000000000000000000000000000000000000034100013400013414215112445444145
000000000000000000000000000000000000000034100013400013414215112445444145 144332 000000000000000000000000000000400000100030100010400010414210112440444140
000000000000000000000000000000400000100030100010400010414210112440444140 433243 000000000000000000000000000000400000100030100010443010414210112440444140
000000000000000000000000000000400000100030100010443010414210112440444140 324342 000000000000000000000000000030400020100030100310443210414210112440444140
000000000000000000000000000030400020100030100310443210414210112440444140 434213 000000000000000000000000000000000000000000000000000000000000000020000044
000000000000000000000000000000000000000000000000000000000000000020000044 421341 000000000000000000000000000000000000000000000000000000000000000220000444
000000000000000000000000000000000000000000000000000000000000000220000444 134133 000000000000000000000000000000000000000000000000000030000010000220000444
000000000000000000000000000000000000000000000000000030000010000220000444 413333 000000000000000000000000000000000000000000000000000430000110000220000444
000000000000000000000000000000000000000000000000000430000110000220000444 333331 000000000000000000000000000000000000000000000330000430000110000220000444
000000000000000000000000000000000000000000000330000430000110000220000444 333123 000000000000000000000000000000000000000000000330000430000113000223000444
000000000000000000000000000000000000000000000330000430000113000223000444 312312 000000000000000000000000000000000030000010000330000430000113000223000444
000000000000000000000000000000000030000010000330000430000113000223000444 231224 000000000000000000000000000000000000000010000330000430000113000223000444
000000000000000000000000000000000000000010000330000430000113000223000444 122432 000000000000000000000000000000000030000010000330002430001113002223003444
=== end ===
000000000000000000000000000000000000000000000000000000000000000000033000 124311 000000000000000000000000051000041300041250012234041132043424222344333422
000000000000000000000000051000041300041250012234041132043424222344333422 431142 000000000000000000000000051000041300041201012234041132043424222344333422
000000000000000000000000051000041300041201012234041132043424222344333422 114214 000000000000000000000000051001041301041201012234041132043424222344333422
000000000000000000000000051001041301041201012234041132043424222344333422 421442 000000000000000000000400051201041301041201012234041132043424222344333422
000000000000000000000400051201041301041201012234041132043424222344333422 144212 000000000000000001000404051201041301041201012234041132043424222344333422
000000000000000001000404051201041301041201012234041132043424222344333422 421223 000000000000000001012404051201041301041201012234241132443424222344333422
000000000000000001012404051201041301041201012234241132443424222344333422 122314 000000000003000001012404051201041301041201012234241132443424222344333422
000000000003000001012404051201041301041201012234241132443424222344333422 231414 000000000003000001012404051231041331341251212234241132443424222344333422
000000000003000001012404051231041331341251212234241132443424222344333422 141411 000000000003000101012404051201041301341201212234241132443424222344333422
=== end ===
000000000000000000000000000000000000000000000000000000000000000000000000 213111 000000000000000000000000000000000000000000000000000000000000002000001000
000000000000000000000000000000000000000000000000000000000000002000001000 311132 000000000000000000000000000000000000000000000000200100314202332401111413
000000000000000000000000000000000000000000000000200100314202332401111413 113232 000000000000000000000000300000440000340100330324220112314212332441111413
000000000000000000000000300000440000340100330324220112314212332441111413 323211 000000000000000000000000300000440000340100334324222112314212332441111413
000000000000000000000000300000440000340100334324222112314212332441111413 321133 000000000000000000200000330000440000340100334324222112314212332441111413
000000000000000000200000330000440000340100334324222112314212332441111413 113324 000000000000000000200000330000440000340111334324222112314212332441111413
000000000000000000200000330000440000340111334324222112314212332441111413 332431 000000000000000000200000330000440033340111334324222112314212332441111413
000000000000000000200000330000440033340111334324222112314212332441111413 243124 000000000000000000200000330400440233340111334324222112314212332441111413
000000000000000000200000330400440233340111334324222112314212332441111413 312432 000000000000000000200000330010440030340010334020222110314210332440111410
000000000000000000200000330010440030340010334020222110314210332440111410 243243 000000000000000000230300334400442400342200334324222112314212332441111413
000000000000000000230300334400442400342200334324222112314212332441111413 324344 000000050000525000232300334400442400342255334324222112314212332441111413
000000050000525000232300334400442400342255334324222112314212332441111413 434424 000000000000520000230000330000440000340335334324222112314212332441111413
000000000000520000230000330000440000340335334324222112314212332441111413 442433 000000000000000000000000000000400500400335550324220112314212332441111413
000000000000000000000000000000400500400335550324220112314212332441111413 243313 000000000000000000000000000000400500440335550324222112314212332441111413
000000000000000000000000000000400500440335550324222112314212332441111413 331331 000000000000000000300000300000400000440330550324222112314212332441111413
000000000000000000300000300000400000440330550324222112314212332441111413 133122 000000000000000000300000300000430500440330551324222112314212332441111413
000000000000000000300000300000430500440330551324222112314212332441111413 312224 000000000000000000300000300000433500441330551324222112314212332441111413
000000000000000000300000300000433500441330551324222112314212332441111413 222431 000000000000000000300000300020433520441335551324222112314212332441111413
000000000000000000300000300020433520441335551324222112314212332441111413 243122 000000000000000000320000340020433020441335551324222112314212332441111413
000000000000000000320000340020433020441335551324222112314212332441111413 312222 000000000000000000320040340320433520441335551324222112314212332441111413
000000000000000000320040340320433520441335551324222112314212332441111413 222243 000000000020000020320040340320433520441335551324222112314212332441111413
000000000020000020320040340320433520441335551324222112314212332441111413 224333 000000000000000000000000000000000000000000555055555055555025555021552013
=== end ===
000000000000000000000000000000000000000000000000000000000000000000000000 213331 000000000000000000000000000000000000000000000000000000000000020000010000
000000000000000000000000000000000000000000000000000000000000020000010000 333124 000000000000000000000000000000000000000000000000000000000000320000310000
000000000000000000000000000000000000000000000000000000000000320000310000 312441 000000000000000000000000000000000000000000000000000000310000320000310000
000000000000000000000000000000000000000000000000000000310000320000310000 244112 000000000000000000000000000000000000000000000000000000310000320000312400
000000000000000000000000000000000000000000000000000000310000320000312400 411212 000000000000000000000000000000000000000000000000000000310000320010312440
000000000000000000000000000000000000000000000000000000310000320010312440 121222 000000000000000000000000000000000000000000000000000000311000322010312440
000000000000000000000000000000000000000000000000000000311000322010312440 122241 000000000000000000000000000000000000000000200000100000311000322010312440
000000000000000000000000000000000000000000200000100000311000322010312440 224144 000000000000000000000000000000000000000000202000102000311000322010312440
000000000000000000000000000000000000000000202000102000311000322010312440 414442 000000000000000000000000000000000000000000202000102000311000322011312444
000000000000000000000000000000000000000000202000102000311000322011312444 444211 000000000000000000000000000000000000000000202000102004311004322011312444
000000000000000000000000000000000000000000202000102004311004322011312444 421114 000000000000000000000000000000000000000004202002102004311004322011312444
000000000000000000000000000000000000000004202002102004311004322011312444 111414 000000000000000000000000000000000001000004202002102044311014322311312444
000000000000000000000000000000000001000004202002102044311014322311312444 141444 000000400000400004100001100001101001301004212022132044311014322311312444
000000400000400004100001100001101001301004212022132044311014322311312444 144424 200000400000400004100001140001141001321004212022132044311014322311312444
200000400000400004100001140001141001321004212022132044311014322311312444 442413 200000400000400004100001144001141001321004212022132044311214322311312444
200000400000400004100001144001141001321004212022132044311214322311312444 241324 200002400004400004100001144001141001321004212022132044311214322311312444
200002400004400004100001144001141001321004212022132044311214322311312444 132424 200002400004403004101001144001141001321004212022132044311214322311312444
200002400004403004101001144001141001321004212022132044311214322311312444 242432 200002400004405004103001151001121001321004212022132544311214322311312444
200002400004405004103001151001121001321004212022132544311214322311312444 243211 200002400004405004103001151001121001321004212022132044311214322311312444
200002400004405004103001151001121001321004212022132044311214322311312444 321131 200002400004405004101001151001121001121004212022112044311214322111312444
200002400004405004101001151001121001121004212022112044311214322111312444 113113 500002400004420004133001155001125041323024212022132544311214322311312444
500002400004420004133001155001125041323024212022132544311214322311312444 311312 210002410004423004133001155001125041323024212022132544311214322311312444
210002410004423004133001155001125041323024212022132544311214322311312444 131231 000002000004555004245001421051425041323524212522132544311214322311312444
000002000004555004245001421051425041323524212522132544311214322311312444 123143 000002000004500004240001420001420041323024212022132044311214322311312444
000002000004500004240001420001420041323024212022132044311214322311312444 314341 500002500004550004240031421051425041323024212522132544311214322311312444
500002500004550004240031421051425041323024212522132544311214322311312444 434132 540002530004550004240031421051425041323024212522132544311214322311312444
=== end ===
000000000000000000000000000000000000000000000000000000000000000000000000 223242 000000000000000000000000000000000000000000000000000000000000000000022000
000000000000000000000000000000000000000000000000000000000000000000022000 324233 000000000000000000000000000000000000000000000000000000000000300000222000
000000000000000000000000000000000000000000000000000000000000300000222000 423343 000000000000000000000000000000000000000000000000000000000000300200222400
000000000000000000000000000000000000000000000000000000000000300200222400 334324 000000000000000000000000000000000000000000000000000000000000333200222400
000000000000000000000000000000000000000000000000000000000000333200222400 432433 000000000000000000000000000000000000000000000000000000000300333200222440
000000000000000000000000000000000000000000000000000000000300333200222440 243321 000000000000000000000000000000000000000000000000000000000320333240222440
000000000000000000000000000000000000000000000000000000000320333240222440 332133 000000000000000000000000000000000000000000000300000300000320333240222440
000000000000000000000000000000000000000000000300000300000320333240222440 213321 000000000000000000000000000000000000000000000310000320000320333240222440
000000000000000000000000000000000000000000000310000320000320333240222440 332121 000000000000000000000000000000000030000030000310000320000320333240222440
000000000000000000000000000000000030000030000310000320000320333240222440 212112 000000000000000000000000000000000030000030000310000320012320333240222440
000000000000000000000000000000000030000030000310000320012320333240222440 211221 000000000000000000000000000000000030000030020310010320012320333240222440
000000000000000000000000000000000030000030020310010320012320333240222440 122124 000000000000000000000000000000000030020030020310010320112320333240222440
000000000000000000000000000000000030020030020310010320112320333240222440 212422 000000000000000000000000010000020030020030020310010320112320333240222440
000000000000000000000000010000020030020030020310010320112320333240222440 242233 000000000000000000000000000000000000010000020000020000020000010000112010
000000000000000000000000000000000000010000020000020000020000010000112010 223344 000000000000000000000000000000000000000000000000000000000000000000000010
=== end ===
000000000000000000000000000000000000000000000000000000000000000000000000 423243 000000000000000000000000000000000000000000000000000000000000004000002000
000000000000000000000000000000000000000000000000000000000000004000002000 324313 000000000000000000000000000000000000000000000000000000000000004000322000
000000000000000000000000000000000000000000000000000000000000004000322000 431343 000000000000000000000000000000000000000000000000000000000000344000322000
000000000000000000000000000000000000000000000000000000000000344000322000 134331 000000000000000000000000000000000000000000000000001000003000344000322000
000000000000000000000000000000000000000000000000001000003000344000322000 433121 000000000000000000000000000000000000000000000000001000433000344000322000
000000000000000000000000000000000000000000000000001000433000344000322000 312132 000000000000000000000000000000000000000000000000001000433000344003322001
000000000000000000000000000000000000000000000000001000433000344003322001 213243 000000000000000000000000000000000000000000000000001000433000344003322211
000000000000000000000000000000000000000000000000001000433000344003322211 324342 000000000000000000000000000000000000000000000000001002433003344003322211
000000000000000000000000000000000000000000000000001002433003344003322211 434234 000000000000000000000000000000000000000000000000431002433003344003322211
000000000000000000000000000000000000000000000000431002433003344003322211 423443 000000000000000000000000000000000000000004000002431002433003344003322211
000000000000000000000000000000000000000004000002431002433003344003322211 344322 000000000000000000000000000000000004000004000002431002433003344033322211
000000000000000000000000000000000004000004000002431002433003344033322211 432232 000000000000000000000003000004000004000004000002431002433003344033322211
000000000000000000000003000004000004000004000002431002433003344033322211 223243 000000000000000000000003000004000004000004022002431002433003344033322211
000000000000000000000003000004000004000004022002431002433003344033322211 324313 000000000000000000000003000004000004300004222002431002433003344033322211
000000000000000000000003000004000004300004222002431002433003344033322211 431313 000000000000000000000003000004400004330004222002431002433003344033322211
000000000000000000000003000004400004330004222002431002433003344033322211 131341 000000000000000000000003000004400004330004222002431032433013344033322211
000000000000000000000003000004400004330004222002431032433013344033322211 134114 300000300000400000100003430004442004333004222002431032433013344033322211
300000300000400000100003430004442004333004222002431032433013344033322211 411432 000000300000400000100000410000442000333043222022431032433013344133322211
000000300000400000100000410000442000333043222022431032433013344133322211 143214 300000300000440000110003410011442023333043222422431432433213344133322211
300000300000440000110003410011442023333043222422431432433213344133322211 321412 340000310000440000110003412011442023333243222422431432433213344133322211
340000310000440000110003412011442023333243222422431432433213344133322211 141223 550000310000440002110002412003442023333243222422431432433213344133322211
550000310000440002110002412003442023333243222422431432433213344133322211 122342 350000310002440012110012412013442023333243222422431432433213344133322211
350000310002440012110012412013442023333243222422431432433213344133322211 234232 340003310002440012110012412013442023333243222422431432433213344133322211
340003310002440012110012412013442023333243222422431432433213344133322211 423214 340003310002440012110012412213442423333243222422431432433213344133322211
=== end ===
000000000000000000000000000000000000000000000000000000000000000000000000 321313 000000000000000000000000000000000000000000000000000000000000000000003200
000000000000000000000000000000000000000000000000000000000000000000003200 131333 000000000000000000000000000000000000000000000000000000000000010000033200
000000000000000000000000000000000000000000000000000000000000010000033200 133342 000000000000000000000000000000000000000000000000000000000000110000333200
000000000000000000000000000000000000000000000000000000000000110000333200 334242 000000000000000000000000000000000000000000000000000000000000110000333233
000000000000000000000000000000000000000000000000000000000000110000333233 424211 000000000000000000000000000000000000000000000000040000020000110000333233
000000000000000000000000000000000000000000000000040000020000110000333233 421112 000000000000000000000000000000000000020000040000040000020000110000333233
000000000000000000000000000000000000020000040000040000020000110000333233 111242 000000000000000000000000000000000000020000040000040000020000110011333233
000000000000000000000000000000000000020000040000040000020000110011333233 124232 000000000000000000000000000000000000020000040000040000022000111011333233
000000000000000000000000000000000000020000040000040000022000111011333233 423232 000000000000000000000000000000000000020000044000042000022000111011333233
000000000000000000000000000000000000020000044000042000022000111011333233 323221 000000000000000000000000000000000000020000044000242000322000111011333233
000000000000000000000000000000000000020000044000242000322000111011333233 322133 000000000000000000000000000000000000020000044000242020322030111011333233
000000000000000000000000000000000000020000044000242020322030111011333233 213314 000000000000000000000000000000000000020000044020242020322031111011333233
000000000000000000000000000000000000020000044020242020322031111011333233 331411 000000000000000000000000000000000000023000044020242020322031111311333233
000000000000000000000000000000000000023000044020242020322031111311333233 141112 000000000000000000000000040000040000023000044020242120322131111311333233
000000000000000000000000040000040000023000044020242120322131111311333233 111242 000000000000020000020000040000040000023000044021242122322131111311333233
000000000000020000020000040000040000023000044021242122322131111311333233 124243 000000000000020000020000042000044000223000344021242122322131111311333233
000000000000020000020000042000044000223000344021242122322131111311333233 424334 000000000000000000000000040000020000020000040000040000020000040000044000
000000000000000000000000040000020000020000040000040000020000040000044000 433411 000000000000000000030000040000020000024000043000442200224300243100344300
000000000000000000030000040000020000024000043000442200224300243100344300 341134 040000010000010000033000041000024000024000043200442230224310243114344334
040000010000010000033000041000024000024000043200442230224310243114344334 113422 000000000000000000000000000000000000000000000000000000000000040004040004
=== end ===
000000000000000000000000000000000000000000000000000000000000004000003000 331312 000000000000000000000000000000000000000000000000000000000000004000333000
000000000000000000000000000000000000000000000000000000000000004000333000 131213 000000000000000000000000000000000000000000000000000000000000004300333100
000000000000000000000000000000000000000000000000000000000000004300333100 121313 000000000000000000000000000000000000000000000000000000003100004310333120
000000000000000000000000000000000000000000000000000000003100004310333120 131323 000000000000000000000000000000000000000010000020000032003122004311333123
000000000000000000000000000000000000000010000020000032003122004311333123 132311 000000000000000000000000000000000000000010000220000232003122004311333123
000000000000000000000000000000000000000010000220000232003122004311333123 231131 000000000000000000000000000000000000000012000223000232003122004311333123
000000000000000000000000000000000000000012000223000232003122004311333123 113131 000000000000000000000000000000000011000012000223000232003122004311333123
000000000000000000000000000000000011000012000223000232003122004311333123 313122 000000000000000000000001000003000011000012000223000232003122004311333123
000000000000000000000001000003000011000012000223000232003122004311333123 312213 000000000000000001000001000033000011000012000223000232003122004311333123
000000000000000001000001000033000011000012000223000232003122004311333123 221344 000000000000000021000021000033000011000012000223000232003122004311333123
000000000000000021000021000033000011000012000223000232003122004311333123 134434 000003000001000021000021000033000011000012000223000232003122004311333123
000003000001000021000021000033000011000012000223000232003122004311333123 443432 000003000001000021000021000033000011000012000223000232003122444311333123
000003000001000021000021000033000011000012000223000232003122444311333123 343212 000003000001000021000021000033000011000012004223003232003122444311333123
000003000001000021000021000033000011000012004223003232003122444311333123 321211 000003000001000021000021000033000011000012004223003232233122444311333123
000003000001000021000021000033000011000012004223003232233122444311333123 121133 000003000001000021000021000033000011000012014223023232233122444311333123
000003000001000021000021000033000011000012014223023232233122444311333123 113332 000003000001000021000021000033000011011012014223023232233122444311333123
000003000001000021000021000033000011011012014223023232233122444311333123 333231 000003000001000021000021000033000311011312014223023232233122444311333123
000003000001000021000021000033000311011312014223023232233122444311333123 323143 000003000001000021000021000033023311011312014223023232233122444311333123
000003000001000021000021000033023311011312014223023232233122444311333123 314313 000000000030000034000023000023020011011012014223023232233122444311333123
000000000030000034000023000023020011011012014223023232233122444311333123 431312 000000000000000000000000000000020000011004014003023432233122444311333123
000000000000000000000000000000020000011004014003023432233122444311333123 131211 000000000000000000000000000000000000000000024000023400233400444304333123
000000000000000000000000000000000000000000024000023400233400444304333123 121111 000000000000000000000000000000002000002000024510023410233435444334333123
000000000000000000000000000000002000002000024510023410233435444334333123 111132 000000000000000000000000000000002000002000124010123410233435444334333123
000000000000000000000000000000002000002000124010123410233435444334333123 113243 000000000000000000000000000000012000152000124510123410233435444334333123
000000000000000000000000000000012000152000124510123410233435444334333123 324344 000000000000000000000000000000002300102200124510123410233435444334333123
000000000000000000000000000000002300102200124510123410233435444334333123 434411 000000000000000000000000004300002300102200124510123410233435444334333123
000000000000000000000000004300002300102200124510123410233435444334333123 441134 000000000000000000000000404300402300102200124510123410233435444334333123
000000000000000000000000404300402300102200124510123410233435444334333123 113444 000000000000100000100000404300402300102200124510123410233435444334333123
000000000000100000100000404300402300102200124510123410233435444334333123 344444 000000000000100000104300404300402300102200124510123410233435444334333123
000000000000100000104300404300402300102200124510123410233435444334333123 444423 000000000000100000104300404300402340102240124510123410233435444334333123
000000000000100000104300404300402340102240124510123410233435444334333123 442313 000000000000100000104300404300402300102200124510123410233435444334333123
000000000000100000104300404300402300102200124510123410233435444334333123 231322 000000003000102000104300404300402300102200124510123410233435444334333123
000000003000102000104300404300402300102200124510123410233435444334333123 132212 000000003000102000104300404300402300102200124513123411233435444334333123
000000003000102000104300404300402300102200124513123411233435444334333123 221241 000000003000102000104300404300402302102202124513123411233435444334333123
000000003000102000104300404300402302102202124513123411233435444334333123 124113 000000003000102000104301404302402302102202124513123411233435444334333123
000000003000102000104301404302402302102202124513123411233435444334333123 411313 000000000000000000000001000002000002000002024013023411233435444334333123
000000000000000000000001000002000002000002024013023411233435444334333123 131344 000000000000000000000001000002000012000032024013023411233435444334333123
000000000000000000000001000002000012000032024013023411233435444334333123 134442 000000000000000000000001000012000012000032024313023411233435444334333123
000000000000000000000001000012000012000032024313023411233435444334333123 444214 000000000000000000000001000012000012000032424313423411233435444334333123
000000000000000000000001000012000012000032424313423411233435444334333123 421431 000000000000000000000001000012000012042032424313423411233435444334333123
000000000000000000000001000012000012042032424313423411233435444334333123 143134 000000000000000000000001000012000112042432424313423411233435444334333123
000000000000000000000001000012000112042432424313423411233435444334333123 313434 000000000000000010000031000012000112042432424313423411233435444334333123
000000000000000010000031000012000112042432424313423411233435444334333123 343442 000000000000000010000031000312004112042432424313423411233435444334333123
000000000000000010000031000312004112042432424313423411233435444334333123 344221 000000000000000010000331004312004112042432424313423411233435444334333123
000000000000000010000331004312004112042432424313423411233435444334333123 422132 000000000000000010000331044312024112042432424313423411233435444334333123
000000000000000010000331044312024112042432424313423411233435444334333123 213211 000000000000000010021331044312024112042432424313423411233435444334333123
000000000000000010021331044312024112042432424313423411233435444334333123 321142 000000000000000010021331044312224112342432424313423411233435444334333123
=== end ===
000000000000000000000000000000000000000000000000000000000000000000000000 433343 000000000000000000000000000000000000000000000000000000000000004000003000
000000000000000000000000000000000000000000000000000000000000004000003000 334323 000000000000000000000000000000000000000000000000000000000000004000333000
000000000000000000000000000000000000000000000000000000000000004000333000 432344 000000000000000000000000000000000000000000000000000000300000404000333000
000000000000000000000000000000000000000000000000000000300000404000333000 234423 000000000000000000000000000000000000000000000000000000300000404300333200
000000000000000000000000000000000000000000000000000000300000404300333200 442342 000000000000000000000000000000000000000000000000000400300400404300333200
000000000000000000000000000000000000000000000000000400300400404300333200 234244 000000000000000000000000000000000000000000000000000400300400404330333220
000000000000000000000000000000000000000000000000000400300400404330333220 424423 000000000000000000000000000000000000000000000000000400320400444330333220
000000000000000000000000000000000000000000000000000400320400444330333220 442332 000000000000000000000000000000000000000000400000400400320400444330333220
000000000000000000000000000000000000000000400000400400320400444330333220 233212 000000000000000000000000000000000000000000400000400400320400444333333222
000000000000000000000000000000000000000000400000400400320400444333333222 321211 000000000000000000000000000000000000000000400000402400323400444333333222
000000000000000000000000000000000000000000400000402400323400444333333222 121133 000000000000000000000000000000000000000000400200402400323410444333333222
000000000000000000000000000000000000000000400200402400323410444333333222 113321 000000000000000000000000003000003212022321033221022412323411444333333222
000000000000000000000000003000003212022321033221022412323411444333333222 332131 200000230000330003210012243212243212141321133221122412323411444333333222
200000230000330003210012243212243212141321133221122412323411444333333222 213143 200000230000330003211212243212243212141321133221122412323411444333333222
=== end ===
000000000000000000000000000000000000000000000000000000000000000000000000 322333 000000000000000000000000000000000000000000000000000000000000003000002000
000000000000000000000000000000000000000000000000000000000000003000002000 233312 000000000000000000000000000000000000000000000000000000000000033000022000
000000000000000000000000000000000000000000000000000000000000033000022000 331224 000000000000000000000000000000000000000000000000000000000000033000022330
000000000000000000000000000000000000000000000000000000000000033000022330 122432 000000000000000000000000000000000000000000000000000000000000033210022330
000000000000000000000000000000000000000000000000000000000000033210022330 243221 000000000000000000000000000000000000000000000000000000042000033210022330
000000000000000000000000000000000000000000000000000000042000033210022330 322142 000000000000000000000000000000000000000000000000000000042000333210222330
000000000000000000000000000000000000000000000000000000042000333210222330 214233 000000000000000000000000000000000000000000000000000200042100333210222330
000000000000000000000000000000000000000000000000000200042100333210222330 423342 000000000000000000000000000000000000000000020000040200042100333210222330
000000000000000000000000000000000000000000020000040200042100333210222330 334211 000000000000000000000000000000000000000000020000040200042130333210222333
000000000000000000000000000000000000000000020000040200042130333210222333 421133 000000000000000000000000000000000000000000022000044200042130333210222333
000000000000000000000000000000000000000000022000044200042130333210222333 113343 000000000000000000000000000000000000000000022000044200042131333211222333
000000000000000000000000000000000000000000022000044200042131333211222333 334332 000000000000000000000000000000000000000000022000044233042131333211222333
000000000000000000000000000000000000000000022000044233042131333211222333 433213 000000000000000000000000000000000000043000022000044233042131333211222333
000000000000000000000000000000000000043000022000044233042131333211222333 321342 000000000000000000000000000000002000043000022300044233042131333211222333
000000000000000000000000000000002000043000022300044233042131333211222333 134241 000000000000000000000000000000002000043300022310044233042131333211222333
000000000000000000000000000000002000043300022310044233042131333211222333 424133 000000000000000000000000004000002200043300022310044233042131333211222333
000000000000000000000000004000002200043300022310044233042131333211222333 413324 000000000000000000000100004400002200043300022310044233042131333211222333
000000000000000000000100004400002200043300022310044233042131333211222333 332434 000000000000000000000000000000000000000000000010000133002131333211222333
000000000000000000000000000000000000000000000010000133002131333211222333 243413 000000000000000000000000000000000000000400000210000133002131333211222333
=== end ===
000000000000000000000000000000000000000000000000000000000000000000000000 222244 000000000000000000000000000000000000000000000000000000000000002000002000
000000000000000000000000000000000000000000000000000000000000002000002000 224442 000000000000000000000000000000000000000000000000000000000000000000000000
000000000000000000000000000000000000000000000000000000000000000000000000 444223 000000000000000000000000000000000000000000000000000000000000000000000044
000000000000000000000000000000000000000000000000000000000000000000000044 422342 000000000000000000000000000000000000000000000000000000000002000004000044
000000000000000000000000000000000000000000000000000000000002000004000044 234233 000000000000000000000000000000000000000000000000000000000022000034000044
000000000000000000000000000000000000000000000000000000000022000034000044 423324 000000000000000000000000000000000000000000000000000024000022000034000044
000000000000000000000000000000000000000000000000000024000022000034000044 332433 000000000000000000000000000000000000000000000000000024000022000334000344
000000000000000000000000000000000000000000000000000024000022000334000344 243331 000000000000000000000000000000000000000000000000000000000000000300000330
000000000000000000000000000000000000000000000000000000000000000300000330 333143 000000000000000000000000000000000000000000000000000000000000000000000000
000000000000000000000000000000000000000000000000000000000000000000000000 314332 000000000000000000000000000000000000000000000000000000000050055035555515
000000000000000000000000000000000000000000000000000000000050055035555515 433212 000000000000000000000000000000000000000000000000000040000050055330555510
000000000000000000000000000000000000000000000000000040000050055330555510 321244 000000000000000000000000000000000000000000000000000240000350055335555515
000000000000000000000000000000000000000000000000000240000350055335555515 124442 000000000000000000000000000000000000000100000200000240000350005335505515
000000000000000000000000000000000000000100000200000240000350005335505515 444232 000000000000000000000000000000000000000100000200000200000300005330505510
000000000000000000000000000000000000000100000200000200000300005330505510 423214 000000000000000000000000000000000000000140000220000240000350055330555510
000000000000000000000000000000000000000140000220000240000350055330555510 321423 000000000000000000000000000030000020000140000220000240000350055330555510
000000000000000000000000000030000020000140000220000240000350055330555510 142343 000000000000000000000000000430000120000140000220000240000350055330555510
000000000000000000000000000430000120000140000220000240000350055330555510 234312 000000000000000000000000000000000000000000000000000000000000000030500010
000000000000000000000000000000000000000000000000000000000000000030500010 431241 000000000000000020000030000430000120000140000220000244000354050335555515
000000000000000020000030000430000120000140000220000244000354050335555515 124122 000000000000000020000030000430000120000144000223001244002354055335555515
000000000000000020000030000430000120000144000223001244002354055335555515 412212 000000000000000020000430000430000120000140001220001244002354005335505515
000000000000000020000430000430000120000140001220001244002354005335505515 221211 000000000000000000000000000000000000000000000000000000000000000030500010
000000000000000000000000000000000000000000000000000000000000000030500010 121141 000000000000000000000000000000000020000030000033000044002354055335555515
000000000000000000000000000000000020000030000033000044002354055335555515 114132 000000000000000000000000000000000000000000001003001004002304055335555515
000000000000000000000000000000000000000000001003001004002304055335555515 413222 000000000000000000000000000000000020000030001433001144002354055335555515
000000000000000000000000000000000020000030001433001144002354055335555515 322224 000000000000000000000000000000000023000032001433001144002354055335555515
000000000000000000000000000000000023000032001433001144002354055335555515 222412 000000000000000000000020000020000020000032001433001144002354055335555515
000000000000000000000020000020000020000032001433001144002354055335555515 241212 000000000000000000000020000020000023000032001433021144042354055335555515
000000000000000000000020000020000023000032001433021144042354055335555515 121243 000000000000000000000020000025050023010032021433021144042354055335555515
000000000000000000000020000025050023010032021433021144042354055335555515 124323 000000000000000000000020000025050023010032021433021144142354255335555515
000000000000000000000020000025050023010032021433021144142354255335555515 432342 000000000000000000000020000025053023014032021033021044142054255035555015
000000000000000000000020000025053023014032021033021044142054255035555015 234221 000000000000000000000020000020050020010032020433020144140354250335555515
000000000000000000000020000020050020010032020433020144140354250335555515 422134 000000000000000000000020000020050420014232021433021144142354255335555515
000000000000000000000020000020050420014232021433021144142354255335555515 213442 000000000020000010000020000025053423014232221433321144142354255335555515
000000000020000010000020000025053423014232221433321144142354255335555515 344242 000000000020000010000020003020003420004230201430301140102350205330505510
000000000020000010000020003020003420004230201430301140102350205330505510 424223 000000000000000000000000000000000000000020400010303020103020202420505212
000000000000000000000000000000000000000020400010303020103020202420505212 422314 000000000000000000000000000000000000000020000010003020143020222420555212
000000000000000000000000000000000000000020000010003020143020222420555212 231432 000000000000000000000000000000000000000020402010303020143320222420555212
000000000000000000000000000000000000000020402010303020143320222420555212 143234 000000000000000000000000000000000000000020442010313020143320222420555212
000000000000000000000000000000000000000020442010313020143320222420555212 323443 000000000000000000000000000000000000000020400010300020100320200420500212
000000000000000000000000000000000000000020400010300020100320200420500212 344342 000000000000000000000000000000300000423020442010313020143320222420555212
000000000000000000000000000000300000423020442010313020143320222420555212 434213 000000000000000000400000300000300000403020402010303020103320202420505212
000000000000000000400000300000300000403020402010303020103320202420505212 421334 000000000000000000400000300000300000423020442210313420143320222420555212
000000000000000000400000300000300000423020442210313420143320222420555212 133412 000000000000000000400000330000310000423020442210313420143320222420555212
000000000000000000400000330000310000423020442210313420143320222420555212 341231 000000400000300000400000330000310000423020442210313420143320222420555212
000000400000300000400000330000310000423020442210313420143320222420555212 123134 550000450000350000450050335550315520423120442210313420143325222425555212
=== end ===
000000000000000000000000000000000000000000000000000000000000001000004000 411122 000000000000000000000000000000000000000000000000000000000000011000044000
000000000000000000000000000000000000000000000000000000000000011000044000 112221 000000000000000000000000000000000000000000000000000000000000011000044110
000000000000000000000000000000000000000000000000000000000000011000044110 222111 000000000000000000000000000000000000000000000000000000000000211000244110
000000000000000000000000000000000000000000000000000000000000211000244110 211121 000000000000000000000000000000000000000000000000000000210000211000244110
000000000000000000000000000000000000000000000000000000210000211000244110 112121 000000000000000000000000000000000000000000100000100000210000211000244110
000000000000000000000000000000000000000000100000100000210000211000244110 212131 000000000000000000000000000000000000100000100000120000210000211000244110
000000000000000000000000000000000000100000100000120000210000211000244110 213114 000000000000000000000000000000000000100000100000121000212000211000244110
000000000000000000000000000000000000100000100000121000212000211000244110 311424 000000000000000000000000100000300000100000100000121000212000211000244110
000000000000000000000000100000300000100000100000121000212000211000244110 142441 000000000000000000000000000000500000500000100000305000105000151500144455
000000000000000000000000000000500000500000100000305000105000151500144455 244122 000000000000000000000000000000500000500000102000305000145500151500144455
000000000000000000000000000000500000500000102000305000145500151500144455 412231 000000000000000000000000000000500000500000102000305000145540151510144450
000000000000000000000000000000500000500000102000305000145540151510144450 223144 000000000000000000000000000000500000500000100000300000105542101512144455
000000000000000000000000000000500000500000100000300000105542101512144455 314441 000000000000000000000000000000500000500000132000335000145542151512144455
000000000000000000000000000000500000500000132000335000145542151512144455 444143 000000000000000000000000000000500000500000132400335400145502151502144405
000000000000000000000000000000500000500000132400335400145502151502144405 414313 000000000000000000000000000000000000000000130000330000140000151000144400
000000000000000000000000000000000000000000130000330000140000151000144400 431344 000000000000000000000000000000030000040000130000330000140000151000144400
000000000000000000000000000000030000040000130000330000140000151000144400 134412 000000000000000000000000030000030000040000130000330000140002151002144405
000000000000000000000000030000030000040000130000330000140002151002144405 441222 000000000000000000040000030000030400040100130400330400145502151502144405
000000000000000000040000030000030400040100130400330400145502151502144405 122231 000000000000000000040000030000030400044100132400335401145502151502144405
000000000000000000040000030000030400044100132400335401145502151502144405 223121 000000000000000000040000130000530000544000132000335001145002151502144405
000000000000000000040000130000530000544000132000335001145002151502144405 312141 000000000000000000040000030000030000040000130000330000140000151500144400
000000000000000000040000030000030000040000130000330000140000151500144400 214132 000000000000000000040100130200533400544100132400335400145500151500144400
000000000000000000040100130200533400544100132400335400145500151500144400 413211 000000000000000000040100130200533400544100132400335400145500151500144400
000000000000000000040100130200533400544100132400335400145500151500144400 321113 000000000000000000043100032200033400044101132404335401145502151502144405
000000000000000000043100032200033400044101132404335401145502151502144405 111341 000000000000300000143100132200533400544101132404335401145502151502144405
000000000000300000143100132200533400544101132404335401145502151502144405 134144 000000000000000000040000030000030000040000130000330000140000151500144400
000000000000000000040000030000030000040000130000330000140000151500144400 414433 000000000000000000000000000000000000000000100000300000100000101000144400
000000000000000000000000000000000000000000100000300000100000101000144400 443332 150000310000340500140100130200530420540110130420330420145540151510144450
150000310000340500140100130200530420540110130420330420145540151510144450 333231 150000310000340500140130130234530424540111130424330421145542151512144455
150000310000340500140130130234530424540111130424330421145542151512144455 323113 150000310020340530140130130234530424540111130424330421145542151512144455
150000310020340530140130130234530424540111130424330421145542151512144455 311313 000000000000000000000000000000000000000000000000000000000001000104002404
000000000000000000000000000000000000000000000000000000000001000104002404 131324 000000000000000000000000000000000000000000001000003000003001001144002424
=== end ===
000000000000000000000000000000000000000000000000000000000000000000000000 424122 000000000000000000000000000000000000000000000000000000000000000000004200
000000000000000000000000000000000000000000000000000000000000000000004200 412244 000000000000000000000000000000000000000000000000000000000000010000044200
000000000000000000000000000000000000000000000000000000000000010000044200 224441 000000000000000000000000000000000000000000000000000000000000010000044222
000000000000000000000000000000000000000000000000000000000000010000044222 444112 000000000000000000000000000000000000000000000000000000000000010440044222
000000000000000000000000000000000000000000000000000000000000010440044222 411234 000000000000000000000000000000000000000000000000000000004000011440044222
000000000000000000000000000000000000000000000000000000004000011440044222 123442 000000000000000000000000000000000000000000000000000000004120011440044222
000000000000000000000000000000000000000000000000000000004120011440044222 344212 000000000000000000000000000000000000000000000000000000034120011440444222
000000000000000000000000000000000000000000000000000000034120011440444222 421242 000000000000000000000000000000000000000000004000002000034120011440444222
000000000000000000000000000000000000000000004000002000034120011440444222 124242 000000000000000000000000000000000000000000004000022000034120111440444222
000000000000000000000000000000000000000000004000022000034120111440444222 424214 000000000000000000000000000000000000000000004400022200034120111440444222
000000000000000000000000000000000000000000004400022200034120111440444222 421441 000000000000000000000000000000000000020000044400022200034120111440444222
000000000000000000000000000000000000020000044400022200034120111440444222 144144 000000000000000000000000000000000000020000044400022200034121111444444222
000000000000000000000000000000000000020000044400022200034121111444444222 414444 000000000000000000000000000000000000020000044404022201034121111444444222
000000000000000000000000000000000000020000044404022201034121111444444222 444431 000000000000000000000000000000000004020004044404022201034121111444444222
000000000000000000000000000000000004020004044404022201034121111444444222 443132 000000000000000000000000000000000000020000044400022201034121111444444222
000000000000000000000000000000000000020000044400022201034121111444444222 313211 000000000000000000000000000000000000020000044400122201334121111444444222
000000000000000000000000000000000000020000044400122201334121111444444222 321112 000000000000000000000000000000000000000000000000000000004020111444444222
000000000000000000000000000000000000000000000000000000004020111444444222 111243 000000000000000000000000000000000000000000000000000000000000000000000000
000000000000000000000000000000000000000000000000000000000000000000000000 124311 000000000000000000000000000000000000000000000000000000000000000000000000
=== end ===
000000000000000000000000000000000000000000000000000000000000000000000000 441414 000000000000000000000000000000000000000000000000000000000000000000044000
000000000000000000000000000000000000000000000000000000000000000000044000 141423 000000000000000000000000000000000000000000000000000000000000100000444000
000000000000000000000000000000000000000000000000000000000000100000444000 142314 000000000000000000000000000000000000000000000000000000004000101000444000
000000000000000000000000000000000000000000000000000000004000101000444000 231413 000000000000000000000000000000000000000000000000000000004000101000444230
000000000000000000000000000000000000000000000000000000004000101000444230 141311 000000000000000000000000000000000000000000000000000000404000111000444230
000000000000000000000000000000000000000000000000000000404000111000444230 131141 000000000000000000000000000000000000000000000000000000404000111001444233
000000000000000000000000000000000000000000000000000000404000111001444233 114134 000000000000000000000000000000000000000000000000000000404001111011444233
000000000000000000000000000000000000000000000000000000404001111011444233 413411 000000000000000100000330000344042224041143413133422344424131111311444233
000000000000000100000330000344042224041143413133422344424131111311444233 341133 000000000000000000000000000000040000041143413133422344424131111311444233
=== end ===
