000000000000000000000000000000000000000000000000000000000000000000000000 313431 000000000000000000000000000000000000000000000000000000000000000000000000
000000000000000000000000000000000000000000000000000000000000000000000000 343121 000000000000000000000000000000000000000000000000004000003000011000033000
000000000000000000000000000000000000000000000000004000003000011000033000 312122 000000000000000000000000000000000000000000000000004000003000011300033200
000000000000000000000000000000000000000000000000004000003000011300033200 212243 000000000000000000000000000000000000000000000000004000003000011300033221
000000000000000000000000000000000000000000000000004000003000011300033221 224341 000000000000000000000000000000000000000000000000004200003200011300033221
000000000000000000000000000000000000000000000000004200003200011300033221 434143 000000000000000000000000000000000000000000000000004200003200411300333221
000000000000000000000000000000000000000000000000004200003200411300333221 414341 000000000000000000000000000000000000000000000000004200413200411300333221
000000000000000000000000000000000000000000000000004200413200411300333221 434143 000000000000000000000000000000000000000000300000404200413200411300333221
000000000000000000000000000000000000000000300000404200413200411300333221 414313 000000000000000000000000000000000000000000000000000200000200000100001221
000000000000000000000000000000000000000000000000000200000200000100001221 431333 000000000000000000000000000500000500000500002505004205004205003305503221
000000000000000000000000000500000500000500002505004205004205003305503221 133332 000000000000000000000000000500000500000500002505004205004205003355503221
=== end ===
000000000000000000000000000000000000000000000000000000000000000000000000 344242 000000000000000000000000000000000000000000000000000000000000300000400000
000000000000000000000000000000000000000000000000000000000000300000400000 424211 000000000000000000000000000000000000000000000000000000000000320000440000
000000000000000000000000000000000000000000000000000000000000320000440000 421111 000000000000000000000000000000000000000000000000000000000000322000444000
000000000000000000000000000000000000000000000000000000000000322000444000 111124 000000000000000000000000000000000000000000000000000000000000322100444100
000000000000000000000000000000000000000000000000000000000000322100444100 112443 000000000000000000000000000000000000000000000000001000001000322100444100
000000000000000000000000000000000000000000000000001000001000322100444100 244334 000000000000000000000000000000000000000000000000041000021000322100444100
000000000000000000000000000000000000000000000000041000021000322100444100 433411 000000000000000000000000000000000000000000000000441000321000322100444100
000000000000000000000000000000000000000000000000441000321000322100444100 341131 000000000000000000000000000000000000000000340000441000321000322100444100
000000000000000000000000000000000000000000340000441000321000322100444100 113123 000000000000000000000000000000010000010000340000441000321000322100444100
000000000000000000000000000000010000010000340000441000321000322100444100 312312 000000000000000000000000000000310000110000340000441000321000322100444100
000000000000000000000000000000310000110000340000441000321000322100444100 231243 000000000000000000200000300000310000110000340000441000321000322100444100
000000000000000000200000300000310000110000340000441000321000322100444100 124311 000000000000000000210000320000310000110000340000441000321000322100444100
000000000000000000210000320000310000110000340000441000321000322100444100 431144 000000000000340000210000320000310000110000340000441000321000322100444100
000000000000340000210000320000310000110000340000441000321000322100444100 114442 000000000000340000210000320000310000110000340000441000321000322101444101
000000000000340000210000320000310000110000340000441000321000322101444101 444223 000000000000340000210000320000310000110000340000441000321000322141444141
000000000000340000210000320000310000110000340000441000321000322141444141 422343 000000000000340000210000320000310000110000342000441000321400322141444141
000000000000340000210000320000310000110000342000441000321400322141444141 234333 000000000000340000210000320000310000112000342000441300321400322141444141
000000000000340000210000320000310000112000342000441300321400322141444141 433311 000000000000340000210000320000310000112400342300441300321400322141444141
000000000000340000210000320000310000112400342300441300321400322141444141 331121 000000000000340000210000320000310000112400342300441300321433322141444141
000000000000340000210000320000310000112400342300441300321433322141444141 112131 000000000000340000210000320000310000112400342300441311321433322141444141
000000000000340000210000320000310000112400342300441311321433322141444141 213132 000000000000340000210000320000312100112400342300441311321433322141444141
000000000000340000210000320000312100112400342300441311321433322141444141 313213 000000000000340000210000320000312100112400342331441311321433322141444141
000000000000340000210000320000312100112400342331441311321433322141444141 321334 000000000000340000210000320000312100112423342331441311321433322141444141
000000000000340000210000320000312100112423342331441311321433322141444141 133442 000000000000340000210000320000312113112423342331441311321433322141444141
000000000000340000210000320000312113112423342331441311321433322141444141 344221 000000000000340000210000320043312113112423342331441311321433322141444141
000000000000340000210000320043312113112423342331441311321433322141444141 422134 000000000000340000210042320043312113112423342331441311321433322141444141
000000000000340000210042320043312113112423342331441311321433322141444141 213434 000000000000340012210042320043312113112423342331441311321433322141444141
000000000000340012210042320043312113112423342331441311321433322141444141 343431 000000000030340012210042320443312113112423342331441311321433322141444141
000000000030340012210042320443312113112423342331441311321433322141444141 343144 000000000000340002210032320313312113112423342331441311321433322141444141
000000000000340002210032320313312113112423342331441311321433322141444141 314442 000000000040040042010332021313012113012423042331441311321433322141444141
000000000040040042010332021313012113012423042331441311321433322141444141 444211 510523530442345242215332321313312113112423342331441311321433322141444141
=== end ===
000000000000000000000000000000000000000000000000000000000000000000000000 112444 000000000000000000000000000000000000000000000000000000000000100000100000
000000000000000000000000000000000000000000000000000000000000100000100000 244414 000000000000000000000000000000000000000000000000000000000000120000140000
000000000000000000000000000000000000000000000000000000000000120000140000 441414 000000000000000000000000000000000000000000000000000000000000120000144400
000000000000000000000000000000000000000000000000000000000000120000144400 141413 000000000000000000000000000000000000000000000000000000410000120000144400
000000000000000000000000000000000000000000000000000000410000120000144400 141331 000000000000000000000000000000000000000000000000410000410000120000144400
000000000000000000000000000000000000000000000000410000410000120000144400 133122 000000000000000000000000000000000000000000000000410000410000120001144403
000000000000000000000000000000000000000000000000410000410000120001144403 312234 000000000000000000000000000000000000000000000000410000410000120011144433
000000000000000000000000000000000000000000000000410000410000120011144433 223443 000000000000000000000000000000000000000000000000410000410000122211144433
000000000000000000000000000000000000000000000000410000410000122211144433 344341 000000000000000000000000000000000000000000430000410000410000122211144433
000000000000000000000000000000000000000000430000410000410000122211144433 434121 000000000000000000000000000000000000000000430000410400410300122211144433
000000000000000000000000000000000000000000430000410400410300122211144433 412141 000000000000000000000000000000000000000000430000410404410301122211144433
000000000000000000000000000000000000000000430000410404410301122211144433 214142 000000000000000000000000000000000000000000430001410404410321122211144433
000000000000000000000000000000000000000000430001410404410321122211144433 414233 000000000000000000000000000000000000000000430011410444410321122211144433
000000000000000000000000000000000000000000430011410444410321122211144433 423312 000000000000000000000000000000000000000024430011410444410321122211144433
000000000000000000000000000000000000000024430011410444410321122211144433 331224 000000000000000000000000000000000000000024430011413444413321122211144433
000000000000000000000000000000000000000024430011413444413321122211144433 122432 000000000000000000000000000000000000000224430111413444413321122211144433
000000000000000000000000000000000000000224430111413444413321122211144433 243224 000000000000000000000000000000000024000224430111413444413321122211144433
000000000000000000000000000000000024000224430111413444413321122211144433 322444 000000000000000000000000000000000004000004400011410144410421122211144433
000000000000000000000000000000000004000004400011410144410421122211144433 244414 000000000000000000000000000000000004000004000011000044400021400011400133
000000000000000000000000000000000004000004000011000044400021400011400133 441422 000000000000000000000000000000000004000004000011000044400421400411400133
000000000000000000000000000000000004000004000011000044400421400411400133 142221 000000000000000000000000000000000000000000000000000000400004400024400033
=== end ===
000000000000000000000000000000000000000000000000000000000000000000000000 444224 000000000000000000000000000000000000000000000000000000000000000000440000
000000000000000000000000000000000000000000000000000000000000000000440000 422434 000000000000000000000000000000000000000000000000000000000000002000444000
000000000000000000000000000000000000000000000000000000000000002000444000 243433 000000000000000000000000000000000000000000000000000000040000022000444000
000000000000000000000000000000000000000000000000000000040000022000444000 343332 000000000000000000000000000000000000000000030000040000040000022000444000
000000000000000000000000000000000000000000030000040000040000022000444000 333221 000000000000000000000000000000000000000000030000040000340000322000444000
000000000000000000000000000000000000000000030000040000340000322000444000 322141 000000000000000000000000000000000000000000030000043000342000322000444000
000000000000000000000000000000000000000000030000043000342000322000444000 214111 000000000000000000000000000000000000000000030000043000342000322100444200
000000000000000000000000000000000000000000030000043000342000322100444200 411144 000000000000000000000000000000000000000000030000043000342000322140444210
000000000000000000000000000000000000000000030000043000342000322140444210 114414 000000000000000000000000000000000000000000030000043000342110322140444210
000000000000000000000000000000000000000000030000043000342110322140444210 441414 000000000000000000000000000000000000000000030000043000342110322144444214
000000000000000000000000000000000000000000030000043000342110322144444214 141422 000000000000000000000000000000000000000000030010043040342110322144444214
000000000000000000000000000000000000000000030010043040342110322144444214 142242 000000000000000000000000000000000040000010030010043040342110322144444214
000000000000000000000000000000000040000010030010043040342110322144444214 224232 000000000000000000000000000000000040000010030010043042342112322144444214
000000000000000000000000000000000040000010030010043042342112322144444214 423241 000000000000000000000000000000000040000012030014043042342112322144444214
000000000000000000000000000000000040000012030014043042342112322144444214 324112 000000000000000000000000000000000040000012033014043242342112322144444214
000000000000000000000000000000000040000012033014043242342112322144444214 411214 000000000000000000000000000000000040000112033414043242342112322144444214
000000000000000000000000000000000040000112033414043242342112322144444214 121433 000000000000000000000000000010000042000112033414043242342112322144444214
000000000000000000000000000010000042000112033414043242342112322144444214 143324 000000000000000000000010000014000042000112033414043242342112322144444214
000000000000000000000010000014000042000112033414043242342112322144444214 332421 000000000000000000000010000314000342000112033414043242342112322144444214
000000000000000000000010000314000342000112033414043242342112322144444214 242141 000000000000000000000010000314004342002112033414043242342112322144444214
000000000000000000000010000314004342002112033414043242342112322144444214 214132 000000000000000000000010000314014342022112033414043242342112322144444214
000000000000000000000010000314014342022112033414043242342112322144444214 413244 000000000000000100000410000314014342022112033414043242342112322144444214
000000000000000100000410000314014342022112033414043242342112322144444214 324444 000000000000000100000410023314014342022112033414043242342112322144444214
000000000000000100000410023314014342022112033414043242342112322144444214 444432 000000000000000100000410003314004342022112013414023242332112322144444214
000000000000000100000410003314004342022112013414023242332112322144444214 443244 000500000500000100000410053314054342022112013414523242332112322144444214
=== end ===
000000000000000000000000000000000000000000000000000000000000001000004000 441132 000000000000000000000000000000000000000000000000000000000000001000444000
000000000000000000000000000000000000000000000000000000000000001000444000 113211 000000000000000000000000000000000000000000000000000000000000111000444000
000000000000000000000000000000000000000000000000000000000000111000444000 321144 000000000000000000000000000000000000000000000000000000000000111300444200
000000000000000000000000000000000000000000000000000000000000111300444200 114412 000000000000000000000000000000000000000000000000000100000100111300444200
000000000000000000000000000000000000000000000000000100000100111300444200 441214 000000000000000000000000000000000000000000000000000100440100111300444200
000000000000000000000000000000000000000000000000000100440100111300444200 121442 000000000000000000000000000000000000000000000000000100440100111301444202
000000000000000000000000000000000000000000000000000100440100111301444202 144214 000000000000000000000000000000000000000000000000000104440101111301444202
000000000000000000000000000000000000000000000000000104440101111301444202 421414 000000000000000000000000000000000000000000000004000104440101111301444222
000000000000000000000000000000000000000000000004000104440101111301444222 141413 000000000000000000000000000000000000000000000004000104440141111311444222
000000000000000000000000000000000000000000000004000104440141111311444222 141332 000000000000000000000000000000000001000004000004000104440141111311444222
000000000000000000000000000000000001000004000004000104440141111311444222 133242 000000000000000000000000000000000001000004000004001104443141111311444222
000000000000000000000000000000000001000004000004001104443141111311444222 324231 000000000000000000000000000000000001000004000004231104443141111311444222
000000000000000000000000000000000001000004000004231104443141111311444222 423112 000000000000000000000000000000000001000024055554231154443141111311444222
000000000000000000000000000000000001000024055554231154443141111311444222 311243 000000000000000000000000000000000001050004055504231104443141111311444222
000000000000000000000000000000000001050004055504231104443141111311444222 124344 000000000000000000000000000000000001050004055504231104443141111311444222
000000000000000000000000000000000001050004055504231104443141111311444222 434433 000000000002000001000004000005003301004504505504231104443141111311444222
000000000002000001000004000005003301004504505504231104443141111311444222 443314 000000000002000001000004000005043001054004055504231104443141111311444222
000000000002000001000004000005043001054004055504231104443141111311444222 331423 000000000002000001030004030005043001054004055504231104443141111311444222
000000000002000001030004030005043001054004055504231104443141111311444222 142323 000000000002000001030004030005043001054004055504231104443141111311444222
000000000002000001030004030005043001054004055504231104443141111311444222 232311 000000000000000000000000000000003001004004055504231104443141111311444222
000000000000000000000000000000003001004004055504231104443141111311444222 231144 000000000000000000003000002000003001004004055504231104443141111311444222
000000000000000000003000002000003001004004055504231104443141111311444222 114431 000000000000010000033000032000043001054004055504231104443141111311444222
000000000000010000033000032000043001054004055504231104443141111311444222 443133 000000000000000000003000002000003001004004055504231104443141111311444222
000000000000000000003000002000003001004004055504231104443141111311444222 313321 000000000000000000000000002000003001004004555504231104443141111311444222
000000000000000000000000002000003001004004555504231104443141111311444222 332111 000000000000000000000000000000000001000004000004231104443141111311444222
000000000000000000000000000000000001000004000004231104443141111311444222 211112 000000000002000001000004002005003001004004055504231104443141111311444222
000000000002000001000004002005003001004004055504231104443141111311444222 111212 000000000002000001000004002005003001004004555504231104443141111311444222
000000000002000001000004002005003001004004555504231104443141111311444222 121233 000000000000000000000000000000001000004000055500211122441141111111444222
000000000000000000000000000000001000004000055500211122441141111111444222 123324 000000000000000000000000000000001000004000055521231122443141111311444222
000000000000000000000000000000001000004000055521231122443141111311444222 332423 000000000000000000000000000000001000034000055521231122443141111311444222
000000000000000000000000000000001000034000055521231122443141111311444222 242341 000000000000000000000000000000000000000000000021231122443141111311444222
000000000000000000000000000000000000000000000021231122443141111311444222 234131 000000000000000000000000220000341000334000555521231122443141111311444222
000000000000000000000000220000341000334000555521231122443141111311444222 413141 000000000000000000000000020000041100034400055521231122443141111311444222
000000000000000000000000020000041100034400055521231122443141111311444222 314123 000000040000010000010000020000041100034400055521231122443141111311444222
000000040000010000010000020000041100034400055521231122443141111311444222 412321 000000040000010000010100020400041100034400055521231122443141111311444222
000000040000010000010100020400041100034400055521231122443141111311444222 232114 030000040000010000010100022400041100034400055521231122443141111311444222
030000040000010000010100022400041100034400055521231122443141111311444222 211443 030000040000010000010000022000041002034001055021231122443141111311444222
030000040000010000010000022000041002034001055021231122443141111311444222 144312 030000040000010100310100222400341102334441555521231122443141111311444222
030000040000010100310100222400341102334441555521231122443141111311444222 431243 030000040000010100010100022440041132034441055521231122443141111311444222
030000040000010100010100022440041132034441055521231122443141111311444222 124334 030000040000010100010101022442041132034441055521231122443141111311444222
030000040000010100010101022442041132034441055521231122443141111311444222 433413 030000040000010130010141020442040132030441050521231122443141111311444222
030000040000010130010141020442040132030441050521231122443141111311444222 341321 030000040430010130010141022442041132034441055521231122443141111311444222
030000040430010130010141022442041132034441055521231122443141111311444222 132124 030430040430010130010141020442040132030441050521231122443141111311444222
030430040430010130010141020442040132030441050521231122443141111311444222 212423 000005000005000055050051050052050012050031030021230022443541111311444222
=== end ===
000000000000000000000000000000000000000000000000000000000000000000000000 222433 000000000000000000000000000000000000000000000000000000000000000000220000
000000000000000000000000000000000000000000000000000000000000000000220000 243323 000000000000000000000000000000000000000000000000000000000000004000222000
000000000000000000000000000000000000000000000000000000000000004000222000 332322 000000000000000000000000000000000000000000000000000000000000334000222000
000000000000000000000000000000000000000000000000000000000000334000222000 232241 000000000000000000000000000000000000000000000000000000320000334000222000
000000000000000000000000000000000000000000000000000000320000334000222000 224122 000000000000000000000000000000000000000000000000000000320000334002222002
000000000000000000000000000000000000000000000000000000320000334002222002 412242 000000000000000000000000000000000000000000000000000000320000334012222042
000000000000000000000000000000000000000000000000000000320000334012222042 224233 000000000000000000000000000000000000000000000000000020320020334012222042
000000000000000000000000000000000000000000000000000020320020334012222042 423332 000000000000000000000000000000000000000000000000000020320020334212222442
000000000000000000000000000000000000000000000000000020320020334212222442 333231 000000000000000000000000000000000000000000000000000023320023334212222442
000000000000000000000000000000000000000000000000000023320023334212222442 323123 000000000000000000000000000000000000000000000023000023320023334212222442
000000000000000000000000000000000000000000000023000023320023334212222442 312324 000000000000000000000000000000000030000010000023000023320023334212222442
000000000000000000000000000000000030000010000023000023320023334212222442 232434 000000000000000000000000000000000030000010300023200023320023334212222442
000000000000000000000000000000000030000010300023200023320023334212222442 243443 000000000000000000000000000000000030000010340023220023320023334212222442
000000000000000000000000000000000030000010340023220023320023334212222442 344312 000000000000000000000000000000000030000010340023220023324323334212222442
000000000000000000000000000000000030000010340023220023324323334212222442 431221 000000000000000000000000000000000030340010340023220023324323334212222442
000000000000000000000000000000000030340010340023220023324323334212222442 122113 000000000000000000000000000000000030340010342023221023324323334212222442
000000000000000000000000000000000030340010342023221023324323334212222442 211314 000000000000000000000000000000000030342010342023221123324323334212222442
000000000000000000000000000000000030342010342023221123324323334212222442 131444 000000000000000000000000000000000030342310342123221123324323334212222442
000000000000000000000000000000000030342310342123221123324323334212222442 144432 000000000000000000000000000000410030342310342123221123324323334212222442
000000000000000000000000000000410030342310342123221123324323334212222442 443221 000000000000000000000000440000410030342310342123221123324323334212222442
000000000000000000000000440000410030342310342123221123324323334212222442 322111 000000000000000000230000440000410030342310342123221123324323334212222442
000000000000000000230000440000410030342310342123221123324323334212222442 211143 000000000000000000230000440000411230342310342123221123324323334212222442
000000000000000000230000440000411230342310342123221123324323334212222442 114311 000000000000000000230000440000411231342311342123221123324323334212222442
000000000000000000230000440000411231342311342123221123324323334212222442 431132 000000040000030000230000440000411231342311342123221123324323334212222442
000000040000030000230000440000411231342311342123221123324323334212222442 113213 000000040000030000230100440100411231342311342123221123324323334212222442
000000040000030000230100440100411231342311342123221123324323334212222442 321322 000000040000030000230100440132411231342311342123221123324323334212222442
000000040000030000230100440132411231342311342123221123324323334212222442 132211 000000040000530030230115440132411231342311342123221123324323334212222442
000000040000530030230115440132411231342311342123221123324323334212222442 221144 000000040000030030230110440132411231342311342123221123324323334212222442
000000040000030030230110440132411231342311342123221123324323334212222442 114433 000000000000000002000032000032000231002311402123401123344323334212222442
000000000000000002000032000032000231002311402123401123344323334212222442 443321 000000000000000002000032000032000231000311030123032123322323331212222442
000000000000000002000032000032000231000311030123032123322323331212222442 332143 000000000000000002000032000032000231001311034123032123322323331212222442
000000000000000002000032000032000231001311034123032123322323331212222442 214313 000000000000000002000032002032001231001311034123032123322323331212222442
000000000000000002000032002032001231001311034123032123322323331212222442 431323 000000000000000000000000000000000000000000000000004000002000002200041440
000000000000000000000000000000000000000000000000004000002000002200041440 132321 000000000000000000000000000000000000000000000000004000002030002210041440
000000000000000000000000000000000000000000000000004000002030002210041440 232111 000000000000000000000000000000000000000000000000004200002330002210041440
000000000000000000000000000000000000000000000000004200002330002210041440 211113 000000000000000000000000000000000000000100000200004200002330002210041440
000000000000000000000000000000000000000100000200004200002330002210041440 111331 000000000000000000000000000100000100000100000200004200002330002210041440
000000000000000000000000000100000100000100000200004200002330002210041440 133112 000000000000000000000000000100000100000100000200004230002330002210041441
000000000000000000000000000100000100000100000200004230002330002210041441 311242 000000000000000000000000000100000100000100000200004230002331002213041441
000000000000000000000000000100000100000100000200004230002331002213041441 124222 000000000000000000000000000100000100000100000202004231002331002213041441
000000000000000000000000000100000100000100000202004231002331002213041441 422231 000000000000000000000000000100000100000100000202004231002331042213241441
000000000000000000000000000100000100000100000202004231002331042213241441 223123 000000000000000000000000000100000100000100000202004231202331242213241441
000000000000000000000000000100000100000100000202004231202331242213241441 312322 000000000000000000000000000100000100000100000202034231212331242213241441
000000000000000000000000000100000100000100000202034231212331242213241441 232234 000000000000000000000000000100000100000100000202004231212331242213241441
000000000000000000000000000100000100000100000202004231212331242213241441 223412 000000000000000000000000005105055102035152025252034231212331242213241441
=== end ===
000000000000000000000000000000000000000000000000000000000000000000000000 144224 000000000000000000000000000000000000000000000000000000000000100000400000
000000000000000000000000000000000000000000000000000000000000100000400000 422432 000000000000000000000000000000000000000000000000000000000000120000440000
000000000000000000000000000000000000000000000000000000000000120000440000 243234 000000000000000000000000000000000000000000000000000000000000122000444000
000000000000000000000000000000000000000000000000000000000000122000444000 323441 000000000000000000000000000000000000000000000000030000020000122000444000
000000000000000000000000000000000000000000000000030000020000122000444000 344133 000000000000000000000000000000000000000000000000033000024000122000444000
000000000000000000000000000000000000000000000000033000024000122000444000 413311 000000000000000000000000000000000000000000040000033000124000122000444000
000000000000000000000000000000000000000000040000033000124000122000444000 331132 000000000000000000000000000000000000030000040000333000124000122000444000
000000000000000000000000000000000000030000040000333000124000122000444000 113244 000000000000000000000000000000000000130000140000333000124000122000444000
000000000000000000000000000000000000130000140000333000124000122000444000 324433 000000000000000000000000000000230000130000140000333000124000122000444000
000000000000000000000000000000230000130000140000333000124000122000444000 443331 000000000000000000000000000000230000134000144000333000124000122000444000
000000000000000000000000000000230000134000144000333000124000122000444000 333143 000000000000000000000000000000230000134000144000333000124000122000444330
000000000000000000000000000000230000134000144000333000124000122000444330 314343 000000000000000000000000000000230000134000144000333000124000122001444333
000000000000000000000000000000230000134000144000333000124000122001444333 434314 000000000000000000000000000000230000134000144000333000124030122041444333
000000000000000000000000000000230000134000144000333000124030122041444333 431443 000000000000000000000000000000230000134000144000333000124330122441444333
000000000000000000000000000000230000134000144000333000124330122441444333 144311 000000000000000000000000000000230000134000144000333004124331122441444333
000000000000000000000000000000230000134000144000333004124331122441444333 431134 000000000000000000000000000000230000134000144000333434124331122441444333
000000000000000000000000000000230000134000144000333434124331122441444333 113441 000000000000000000000000000000230000134010144010333434124331122441444333
000000000000000000000000000000230000134010144010333434124331122441444333 344121 000000000000000000000000000000230040134010144310333434124331122441444333
000000000000000000000000000000230040134010144310333434124331122441444333 412132 000000000000000000000000000010230040134010144314333434124331122441444333
000000000000000000000000000010230040134010144314333434124331122441444333 213222 000000000000000020000010000010230040134010144314333434124331122441444333
000000000000000020000010000010230040134010144314333434124331122441444333 322212 000000000000000020000010000010230240134310144314333434124331122441444333
000000000000000020000010000010230240134310144314333434124331122441444333 221214 000000000000000020000010000210232240134310144314333434124331122441444333
000000000000000020000010000210232240134310144314333434124331122441444333 121441 000000000020000020000110000210232240134310144314333434124331122441444333
000000000020000020000110000210232240134310144314333434124331122441444333 144142 000000000020000020000110000210232241134314144314333434124331122441444333
000000000020000020000110000210232241134314144314333434124331122441444333 414214 000000000000000000000000000000230000134310144310333430124331122441444333
000000000000000000000000000000230000134310144310333430124331122441444333 421444 000000000000000000000000000000230240134310144310333430124331122441444333
000000000000000000000000000000230240134310144310333430124331122441444333 144411 000000000000000000000010000040230240134310144310333430124331122441444333
000000000000000000000010000040230240134310144310333430124331122441444333 441122 000000000000000000000010000040230240134310144314333434124331122441444333
000000000000000000000010000040230240134310144314333434124331122441444333 112241 000000000010000010000010000040230240134310144314333434124331122441444333
000000000010000010000010000040230240134310144314333434124331122441444333 224123 000000000010000010000010002040232240134310144314333434124331122441444333
000000000010000010000010002040232240134310144314333434124331122441444333 412332 000000000010000010000010002040232244134311144314333434124331122441444333
000000000010000010000010002040232244134311144314333434124331122441444333 233222 000000000010003010005210002540232244134311144314333434124331122441444333
000000000010003010005210002540232244134311144314333434124331122441444333 322224 000000000010000210000210002540232244134311144314333434124331122441444333
000000000010000210000210002540232244134311144314333434124331122441444333 222423 000020000210000210000210002540232244134311144314333434124331122441444333
000020000210000210000210002540232244134311144314333434124331122441444333 242331 000000000000000000000000000000200000104300144304333434124331122441444333
000000000000000000000000000000200000104300144304333434124331122441444333 233121 000000000000000000000000000300200200104300144304333434124331122441444333
000000000000000000000000000300200200104300144304333434124331122441444333 312113 000000000000000000000300000300200200104300144314333434124331122441444333
000000000000000000000300000300200200104300144314333434124331122441444333 211321 000000000000000000000300000300200220104310144314333434124331122441444333
000000000000000000000300000300200220104310144314333434124331122441444333 132123 000000000000000300000300000310200220104310144314333434124331122441444333
000000000000000300000300000310200220104310144314333434124331122441444333 212321 000000000000000300000300000310200222104311144314333434124331122441444333
000000000000000300000300000310200222104311144314333434124331122441444333 232124 000000000000000300000300000310220222134311144314333434124331122441444333
000000000000000300000300000310220222134311144314333434124331122441444333 212411 000000000000000000000000000000220000134000144004333434124331122441444333
000000000000000000000000000000220000134000144004333434124331122441444333 241122 000000000000000000000000004000222000134000144004333434124331122441444333
000000000000000000000000004000222000134000144004333434124331122441444333 112234 000000000000010000014000014000222000134000144004333434124331122441444333
000000000000010000014000014000222000134000144004333434124331122441444333 223413 000000000000000000000000000000000000000000000004000434124331122441444333
000000000000000000000000000000000000000000000004000434124331122441444333 341313 000000000000000000000000000000000000000000000004034434124331122441444333
000000000000000000000000000000000000000000000004034434124331122441444333 131333 000000000000000000000000000000000000000000300004134434124331122441444333
000000000000000000000000000000000000000000300004134434124331122441444333 133314 000000000000000000000000000000100000300000300004134434124331122441444333
000000000000000000000000000000100000300000300004134434124331122441444333 331424 000000000000000000000000000000100000300300300304134434124331122441444333
000000000000000000000000000000100000300300300304134434124331122441444333 142433 000000000000000000000000000000100000300340300314134434124331122441444333
000000000000000000000000000000100000300340300314134434124331122441444333 243311 000000000000000000000000000000100240300340300314134434124331122441444333
000000000000000000000000000000100240300340300314134434124331122441444333 331114 000000000000000000000030000030100240300340300314134434124331122441444333
000000000000000000000030000030100240300340300314134434124331122441444333 111441 000050000010000010005030505530105240305340355314134434124331122441444333
=== end ===
000000000000000000000000000000000000000000000000000000000000004000001000 434444 000000000000000000000000000000000000000000000000003000004000004000001000
000000000000000000000000000000000000000000000000003000004000004000001000 444441 000000000000000000000000000000000000000000000000000000000000003000001000
=== end ===
000000000000000000000000000000000000000000000000000000000000000000000000 244142 000000000000000000000000000000000000000000000000000000000000200000400000
000000000000000000000000000000000000000000000000000000000000200000400000 414224 000000000000000000000000000000000000000000000000000000000000201000404000
000000000000000000000000000000000000000000000000000000000000201000404000 422414 000000000000000000000000000000000000000000000000000000000000221000444000
000000000000000000000000000000000000000000000000000000000000221000444000 241421 000000000000000000000000000000000000000000000000000000240000221000444000
000000000000000000000000000000000000000000000000000000240000221000444000 142124 000000000000000000000000000000000000000000000000040000241000221000444000
000000000000000000000000000000000000000000000000040000241000221000444000 212424 000000000000000000000000000000000000000000000000042000241000221000444100
000000000000000000000000000000000000000000000000042000241000221000444100 242421 000000000000000000000000000000000000000000004000042000241000221200444100
000000000000000000000000000000000000000000004000042000241000221200444100 242143 000000000000000000000000000000000000000000004000042000241000221204444102
000000000000000000000000000000000000000000004000042000241000221204444102 214334 000000000000000000000000000000000000000000004000042000241100221204444122
000000000000000000000000000000000000000000004000042000241100221204444122 433414 000000000000000000000000000000000000000000004000042003241104221204444122
000000000000000000000000000000000000000000004000042003241104221204444122 341413 000000000000000000000000000000000000000000004003042003241104221244444122
000000000000000000000000000000000000000000004003042003241104221244444122 141341 000000000000000000000000000000000000000000404003142003241104221244444122
000000000000000000000000000000000000000000404003142003241104221244444122 134111 000000000000000000000000000000000000003000414003142003241104221244444122
000000000000000000000000000000000000003000414003142003241104221244444122 411113 000000000000000000000000000000100000403000414003142003241104221244444122
000000000000000000000000000000100000403000414003142003241104221244444122 111311 000000000000000000100000100000100000403000414003142003241104221244444122
000000000000000000100000100000100000403000414003142003241104221244444122 131132 000000000000000000100000100000100003403001414003142003241104221244444122
000000000000000000100000100000100003403001414003142003241104221244444122 113211 000000000000000000100000100000101003413001414003142003241104221244444122
000000000000000000100000100000101003413001414003142003241104221244444122 321114 000000000000500000100000100000101003413001414033142023241154221244444122
000000000000500000100000100000101003413001414033142023241154221244444122 111443 000000000000000000100000100000101013413011414033142023241154221244444122
000000000000000000100000100000101013413011414033142023241154221244444122 144333 000000000000000000000000000000000000000000000000000000000000000000103000
000000000000000000000000000000000000000000000000000000000000000000103000 433344 000000000000000000000000000000000000000000000000000000000000040000133000
000000000000000000000000000000000000000000000000000000000000040000133000 334434 000000000000000000000000000000000000000000000000030000030000040000133000
000000000000000000000000000000000000000000000000030000030000040000133000 443421 000000000000000000000000000000000000000000000000030000034000044000133000
000000000000000000000000000000000000000000000000030000034000044000133000 342114 000000000000000000000000000000000000040000030000030000034000044000133000
000000000000000000000000000000000000040000030000030000034000044000133000 211411 000000000000000000000000000000000000040000030000030000234000144000133000
000000000000000000000000000000000000040000030000030000234000144000133000 141114 000000000000000000000000000000000000040000034000031000234000144000133000
000000000000000000000000000000000000040000034000031000234000144000133000 111413 000000000000000000000000000000000000040000034000031000234000144000133110
000000000000000000000000000000000000040000034000031000234000144000133110 141332 000000000000000000000000000000010000044000034000031000234000144000133110
000000000000000000000000000000010000044000034000031000234000144000133110 133224 000000000000000000000000000000010000044000034000031000234000144310133110
000000000000000000000000000000010000044000034000031000234000144310133110 322423 000000000000000000000000020000013000044000034000031000234000144310133110
000000000000000000000000020000013000044000034000031000234000144310133110 242331 000000000000000000040000022000013000044000034000031000234000144310133110
000000000000000000040000022000013000044000034000031000234000144310133110 233112 000000000000003000042000022000013000044000034000031000234000144310133110
000000000000003000042000022000013000044000034000031000234000144310133110 311242 000000000000003000042000022000013000044000034000031300234100144310133110
000000000000003000042000022000013000044000034000031300234100144310133110 124222 000000000000003000042000022000013000044100034200031300234100144310133110
000000000000003000042000022000013000044100034200031300234100144310133110 422213 000000000000000000000000055000055000023000042005042005221505114105144205
=== end ===
000000000000000000000000000000000000000000000000000000000000000000000000 332243 000000000000000000000000000000000000000000000000000000000000000000033000
000000000000000000000000000000000000000000000000000000000000000000033000 224342 000000000000000000000000000000000000000000000000000000000000022000033000
000000000000000000000000000000000000000000000000000000000000022000033000 434241 000000000000000000000000000000000000000000000000000000000000422000333000
000000000000000000000000000000000000000000000000000000000000422000333000 424124 000000000000000000000000000000000000000000000000000000042000422000333000
000000000000000000000000000000000000000000000000000000042000422000333000 412434 000000000000000000000000000000000000000000000000100000442000422000333000
000000000000000000000000000000000000000000000000100000442000422000333000 243423 000000000000000000000000000000000000200000400000100000442000422000333000
000000000000000000000000000000000000200000400000100000442000422000333000 342332 000000000000000000000000000000000000200000400000100000442000422300333400
000000000000000000000000000000000000200000400000100000442000422300333400 233224 000000000000000000000000000000000000200000400000100000442000422302333403
000000000000000000000000000000000000200000400000100000442000422302333403 322441 000000000000000000000000000000000000200000400000100000442000422322333433
000000000000000000000000000000000000200000400000100000442000422322333433 244143 000000000000000000000000000000000000200000400000100000442042422322333433
000000000000000000000000000000000000200000400000100000442042422322333433 414321 000000000000000000000000000000000000200000400000100041442042422322333433
000000000000000000000000000000000000200000400000100041442042422322333433 432114 000000000000000000000000000000000000200030400040100041442042422322333433
000000000000000000000000000000000000200030400040100041442042422322333433 211422 000000000000000000000000000000000000200030400040100041400142440322333433
000000000000000000000000000000000000200030400040100041400142440322333433 142213 000000000000000000000000000000000000200034400041100041400142440322333433
000000000000000000000000000000000000200034400041100041400142440322333433 221314 000000000000000000000000000000000000200034400041100041402142442322333433
000000000000000000000000000000000000200034400041100041402142442322333433 131431 000000000000000000000000000000000000200034400041103141402142442322333433
000000000000000000000000000000000000200034400041103141402142442322333433 143111 000000000000000000000000000000000000200434400141103141402142442322333433
000000000000000000000000000000000000200434400141103141402142442322333433 311142 000000000000000000000000000030000010200434400141103141402142442322333433
000000000000000000000000000030000010200434400141103141402142442322333433 114214 000000000000000010000010000030000010200434400141103141402142442322333433
000000000000000010000010000030000010200434400141103141402142442322333433 421442 000000000000000010000010000030000010200434400141143141422142442322333433
000000000000000010000010000030000010200434400141143141422142442322333433 144212 000000000000000010000010000030000010210434440141143141422142442322333433
000000000000000010000010000030000010210434440141143141422142442322333433 421233 000000000000000010000010400030200010210434440141143141422142442322333433
000000000000000010000010400030200010210434440141143141422142442322333433 123323 000000000000000010100010400030220010210434440141143141422142442322333433
000000000000000010100010400030220010210434440141143141422142442322333433 332314 000000000000000010100010430030220010210434443141143141422142442322333433
000000000000000010100010430030220010210434443141143141422142442322333433 231414 000000000000020010130010430030220010210434443141143141422142442322333433
000000000000020010130010430030220010210434443141143141422142442322333433 141411 000000400000120010130010430030220010210434443141143141422142442322333433
000000400000120010130010430030220010210434443141143141422142442322333433 141121 000000400000120010130010430031220014210434443141143141422142442322333433
000000400000120010130010430031220014210434443141143141422142442322333433 112133 000000400000120010130010430131220114210434443141143141422142442322333433
000000400000120010130010430131220114210434443141143141422142442322333433 213342 200000400000120010130010430131220114210434443141143141422142442322333433
200000400000120010130010430131220114210434443141143141422142442322333433 334242 200000400000120310130310430131220114210434443141143141422142442322333433
200000400000120310130310430131220114210434443141143141422142442322333433 424234 200000400000120310130310430131224114212434443141143141422142442322333433
=== end ===
000000000000000000000000000000000000000000000000000000000000000000000000 213131 000000000000000000000000000000000000000000000000000000000000200000100000
000000000000000000000000000000000000000000000000000000000000200000100000 313141 000000000000000000000000000000000000000000000000000000000000230000110000
000000000000000000000000000000000000000000000000000000000000230000110000 314144 000000000000000000000000000000000000000000000000000000000000233000111000
000000000000000000000000000000000000000000000000000000000000233000111000 414431 000000000000000000000000000000000000000000000000004000001000233000111000
000000000000000000000000000000000000000000000000004000001000233000111000 443121 000000000000000000000000000000000000000000000000004000001000233000111440
000000000000000000000000000000000000000000000000004000001000233000111440 312112 000000000000000000000000000000000000000000000000014000031000233000111440
000000000000000000000000000000000000000000000000014000031000233000111440 211232 000000000000000000000000000000000000000000000000114000231000233000111440
000000000000000000000000000000000000000000000000114000231000233000111440 123242 000000000000000000000000000000000000000000210000114000231000233000111440
000000000000000000000000000000000000000000210000114000231000233000111440 324233 000000000000000000000000000000300000200000210000114000231000233000111440
000000000000000000000000000000300000200000210000114000231000233000111440 423313 000000000000000000004000004000003000243000213000114000231042233012111444
000000000000000000004000004000003000243000213000114000231042233012111444 331332 000000000000000000004000004000303000243001213003114003231242233112111444
000000000000000000004000004000303000243001213003114003231242233112111444 133232 000000000000000003004013004031303021243021213433114423231242233112111444
000000000000000003004013004031303021243021213433114423231242233112111444 323222 000000000000004000004000004000303000243000213420114430231242233112111444
000000000000004000004000004000303000243000213420114430231242233112111444 322243 000000000000000000000000000000300000240000210420114430231242233112111444
000000000000000000000000000000300000240000210420114430231242233112111444 224344 000000000000000000000000000000300000240020210420114432231242233112111444
000000000000000000000000000000300000240020210420114432231242233112111444 434424 000000000000000000000000030000340000240020210420114432231242233112111444
000000000000000000000000030000340000240020210420114432231242233112111444 442424 000000000000000000040000430000340000240020210420114432231242233112111444
000000000000000000040000430000340000240020210420114432231242233112111444 242433 000000000000000000540000430000340040240220210420114432231242233112111444
000000000000000000540000430000340040240220210420114432231242233112111444 243313 000000000000000000040020430040340040240220215420114432231242233112111444
000000000000000000040020430040340040240220215420114432231242233112111444 331331 000000000000000000040020430040343040243220215420114432231242233112111444
000000000000000000040020430040343040243220215420114432231242233112111444 133124 000000000000000000000000000000000000000000000000000000000010000020000233
000000000000000000000000000000000000000000000000000000000010000020000233 312434 000000000000000000000000000000000000000000000000000020000010000220000233
000000000000000000000000000000000000000000000000000020000010000220000233 243422 000000000000000000000000000000000000000040000020000020000010000220000233
000000000000000000000000000000000000000040000020000020000010000220000233 342222 000000000000000000000000000000000040000040000020000020000010000223000233
000000000000000000000000000000000040000040000020000020000010000223000233 222243 000000000000000000000020000020000040000040000020000020000010000223000233
000000000000000000000020000020000040000040000020000020000010000223000233 224333 000000000000000020000020000020000040000040000020000020000012000223000233
000000000000000020000020000020000040000040000020000020000012000223000233 433312 000000000000000020000020000020000040000040000023000024000012000223000233
000000000000000020000020000020000040000040000023000024000012000223000233 331243 000000000000000020000020000020000043000043000023000024000012000223000233
000000000000000020000020000020000043000043000023000024000012000223000233 124322 000000000000000020000020000020000043000043000023000224000112000223000233
000000000000000020000020000020000043000043000023000224000112000223000233 432211 000000000000000020000020000020000043000343000423000224000112000223000233
=== end ===
000000000000000000000000000000000000000000000000000000000000000000000000 213331 000000000000000000000000000000000000000000000000000000000000020000010000
000000000000000000000000000000000000000000000000000000000000020000010000 333124 000000000000000000000000000000000000000000000000000000000000320000310000
000000000000000000000000000000000000000000000000000000000000320000310000 312441 000000000000000000000000000000000000000000000000100000300000320000310000
000000000000000000000000000000000000000000000000100000300000320000310000 244112 000000000000000000000000000000000000000000000000100000300000320000312400
000000000000000000000000000000000000000000000000100000300000320000312400 411212 000000000000000000000000000000000000000000000000100000300000320010312440
000000000000000000000000000000000000000000000000100000300000320010312440 121222 000000000000000000000000000000000000000000000000100000300000322110312440
000000000000000000000000000000000000000000000000100000300000322110312440 122241 000000000000000000000000000000000000000000000000100000300000322112312441
000000000000000000000000000000000000000000000000100000300000322112312441 224144 000000000000000000000000000000000000000000000000100000300022322112312441
000000000000000000000000000000000000000000000000100000300022322112312441 414442 000000000000000000000000000000000000000000000000100000304122322112312441
000000000000000000000000000000000000000000000000100000304122322112312441 444213 000000000000000000000000000000000000000000000400100400304122322112312441
000000000000000000000000000000000000000000000400100400304122322112312441 421314 000000000000000000000000000000000000000000000400120400344122322112312441
000000000000000000000000000000000000000000000400120400344122322112312441 131421 000000000000000000000000000000000000000000130400120400344122322112312441
000000000000000000000000000000000000000000130400120400344122322112312441 142114 000000000000000000000000000000000000000000130400120414344122322112312441
000000000000000000000000000000000000000000130400120414344122322112312441 211431 000000000000000000000000000000000000000000131400122414344122322112312441
000000000000000000000000000000000000000000131400122414344122322112312441 143131 000000000000000000000000000000000000000001131404122414344122322112312441
000000000000000000000000000000000000000001131404122414344122322112312441 313111 000000000000000000000000000001000003000001131404122414344122322112312441
000000000000000000000000000001000003000001131404122414344122322112312441 311111 000000000000000000000001000001000003000001131434122414344122322112312441
000000000000000000000001000001000003000001131434122414344122322112312441 111144 000000000000000000000001000001000103000101131434122414344122322112312441
000000000000000000000001000001000103000101131434122414344122322112312441 114422 000000000000000000000001000001010103010101131434122414344122322112312441
000000000000000000000001000001010103010101131434122414344122322112312441 442244 000000000000000000000401000401010103010101131434122414344122322112312441
000000000000000000000401000401010103010101131434122414344122322112312441 224424 000000000000000000000401000401012103012101131434122414344122322112312441
000000000000000000000401000401012103012101131434122414344122322112312441 442424 000000000000000000040401040401012103012101131434122414344122322112312441
000000000000000000040401040401012103012101131434122414344122322112312441 242413 000000020000040000040401040401012103012101131434122414344122322112312441
000000020000040000040401040401012103012101131434122414344122322112312441 241324 000000020000040400040401042401012103012101131434122414344122322112312441
000000020000040400040401042401012103012101131434122414344122322112312441 132424 000000020000040400040401042401012113012131131434122414344122322112312441
000000020000040400040401042401012113012131131434122414344122322112312441 242432 000000000000000000000001020001010113010131131434122414344122322112312441
000000000000000000000001020001010113010131131434122414344122322112312441 243213 000000000000000000000001020001012113014131131434122414344122322112312441
000000000000000000000001020001012113014131131434122414344122322112312441 321331 000000000000000000000001022301012113014131131434122414344122322112312441
000000000000000000000001022301012113014131131434122414344122322112312441 133114 000000000000000000000011022331012113014131131434122414344122322112312441
000000000000000000000011022331012113014131131434122414344122322112312441 311413 000000000001000003000011022331012113014131131434122414344122322112312441
000000000001000003000011022331012113014131131434122414344122322112312441 141312 000000000000000000000000022000012000014034131434122414344122322112312441
000000000000000000000000022000012000014034131434122414344122322112312441 131231 000000000000000000000000022000012100014334131434122414344122322112312441
000000000000000000000000022000012100014334131434122414344122322112312441 123143 000000000000000000000200022100012100014334131434122414344122322112312441
000000000000000000000200022100012100014334131434122414344122322112312441 314341 000000000000000000000200022130012110014334131434122414344122322112312441
000000000000000000000200022130012110014334131434122414344122322112312441 434132 000000000000000000000200022130312110414334131434122414344122322112312441
000000000000000000000200022130312110414334131434122414344122322112312441 413223 000000000000000000000000000000310000414000131400122410344122322112312441
=== end ===
000000000000000000000000000000000000000000000000000000000000000000000000 223242 000000000000000000000000000000000000000000000000000000000000000000220000
000000000000000000000000000000000000000000000000000000000000000000220000 324233 000000000000000000000000000000000000000000000000000000000000003000222000
000000000000000000000000000000000000000000000000000000000000003000222000 423343 000000000000000000000000000000000000000000000000004000002000003000222000
000000000000000000000000000000000000000000000000004000002000003000222000 334324 000000000000000000000000000000000000000000000000004000002000333000222000
000000000000000000000000000000000000000000000000004000002000333000222000 432433 000000000000000000000000000000000000000000000000304000402000333000222000
000000000000000000000000000000000000000000000000304000402000333000222000 243321 000000000000000000000000000000000000000000002000304000442000333000222000
000000000000000000000000000000000000000000002000304000442000333000222000 332133 000000000000000000000000000000000000000000032000334000442000333000222000
000000000000000000000000000000000000000000032000334000442000333000222000 213321 000000000000000000000000000000000000000000032000334000442000333200222100
000000000000000000000000000000000000000000032000334000442000333200222100 332121 000000000000000000000000000000000000000000032000334000442000333203222103
000000000000000000000000000000000000000000032000334000442000333203222103 212112 000000000000000000000000000000000000000000032000334000442000333223222113
000000000000000000000000000000000000000000032000334000442000333223222113 211221 000000000000000000000000000000000000000000032000334000442021333223222113
000000000000000000000000000000000000000000032000334000442021333223222113 122124 000000000000000000000000000000001000002000032000334000442021333223222113
000000000000000000000000000000001000002000032000334000442021333223222113 212422 000000000000000000000000000000011000022000032000334000442021333223222113
000000000000000000000000000000011000022000032000334000442021333223222113 242233 000000000000000000000000020000011000022000432000334000442021333223222113
000000000000000000000000020000011000022000432000334000442021333223222113 223344 000000000000020000020000020000011000022000432000334000442021333223222113
000000000000020000020000020000011000022000432000334000442021333223222113 334434 000000030000020000020000020000011000322000432000334000442021333223222113
=== end ===
000000000000000000000000000000000000000000000000000000000000000000000000 423243 000000000000000000000000000000000000000000000000000000000000400000200000
000000000000000000000000000000000000000000000000000000000000400000200000 324313 000000000000000000000000000000000000000000000000000000000000430000220000
000000000000000000000000000000000000000000000000000000000000430000220000 431343 000000000000000000000000000000000000000000000000040000030000430000220000
000000000000000000000000000000000000000000000000040000030000430000220000 134331 000000000000000000000000000000000000000000000000140000330000430000220000
000000000000000000000000000000000000000000000000140000330000430000220000 433132 000000000000000000000000000000000000000000000000140000330000434000223000
000000000000000000000000000000000000000000000000140000330000434000223000 313243 000000000000000000000000000000000000320000110000140000330000434000223000
000000000000000000000000000000000000320000110000140000330000434000223000 324342 000000000000000000000000030000020000320000110000140000330000434000223000
000000000000000000000000030000020000320000110000140000330000434000223000 434234 000000000000000000000000030000020000320000110000140000330000434400223300
000000000000000000000000030000020000320000110000140000330000434400223300 423443 000000000000000000000000030000020000320000110000140000332400434400223300
000000000000000000000000030000020000320000110000140000332400434400223300 344322 000000000000000000000000030000020000320000110000140000332400434430223340
000000000000000000000000030000020000320000110000140000332400434430223340 432232 000000000000000000000000030000020000320000110000140000332400434433223344
000000000000000000000000030000020000320000110000140000332400434433223344 223243 000000000000020000020000030000020000320000110000140000332400434433223344
000000000000020000020000030000020000320000110000140000332400434433223344 324313 000000000000020000020000030000020000320000110000142300332400434433223344
000000000000020000020000030000020000320000110000142300332400434433223344 431343 000000000000020000020000030000020000320000110000142300332434434433223344
000000000000020000020000030000020000320000110000142300332434434433223344 134341 000000000000020000020000130000320000320000110000142300332434434433223344
000000000000020000020000130000320000320000110000142300332434434433223344 434123 000000000000020000020000130000320000323000114000142300332434434433223344
000000000000020000020000130000320000323000114000142300332434434433223344 412343 000000000000020000020000130000320000323000114000142314332434434433223344
000000000000020000020000130000320000323000114000142314332434434433223344 234333 000000000000020000020000130000322000323000114300142314332434434433223344
000000000000020000020000130000322000323000114300142314332434434433223344 433324 000000000000020000020000130000322000323003114304142314332434434433223344
000000000000020000020000130000322000323003114304142314332434434433223344 332414 000000000000020000020000130003322003323003114304142314332434434433223344
000000000000020000020000130003322003323003114304142314332434434433223344 241433 000000000000020000020000130003322003323043114324142314332434434433223344
000000000000020000020000130003322003323043114324142314332434434433223344 143331 000000000000020000020000130003322043323143114324142314332434434433223344
000000000000020000020000130003322043323143114324142314332434434433223344 333142 000000000000025000023000133003322043323143114324142314332434434433223344
000000000000025000023000133003322043323143114324142314332434434433223344 314232 000000000000025000023000133003322043323143114324142314332434434433223344
000000000000025000023000133003322043323143114324142314332434434433223344 423241 000000000000025000023000133043322043323143114324142314332434434433223344
000000000000025000023000133043322043323143114324142314332434434433223344 324133 000000000000025032023025133043322043323143114324142314332434434433223344
000000000000025032023025133043322043323143114324142314332434434433223344 413314 000000055000025030023020133043322043323143114324142314332434434433223344
000000055000025030023020133043322043323143114324142314332434434433223344 331431 030000055050025030023020133043322043323143114324142314332434434433223344
030000055050025030023020133043322043323143114324142314332434434433223344 143122 000000000000025030023020133043322043323143114324142314332434434433223344
000000000000025030023020133043322043323143114324142314332434434433223344 312214 000000000000000000000000000000000000000000000000000030000023300123104113
=== end ===
000000000000000000000000000000000000000000000000000000000000000000000000 433343 000000000000000000000000000000000000000000000000000000000000004000003000
000000000000000000000000000000000000000000000000000000000000004000003000 334323 000000000000000000000000000000000000000000000000000000000000004000333000
000000000000000000000000000000000000000000000000000000000000004000333000 432344 000000000000000000000000000000000000000000000000000000030000044000333000
000000000000000000000000000000000000000000000000000000030000044000333000 234423 000000000000000000000000000000000000000000000000000000030000044300333200
000000000000000000000000000000000000000000000000000000030000044300333200 442342 000000000000000000000000000000000000000000000000000400030400044300333200
000000000000000000000000000000000000000000000000000400030400044300333200 234244 000000000000000000000000000000000000000000000000000400030400044330333220
000000000000000000000000000000000000000000000000000400030400044330333220 424423 000000000000000000000000000000000000000000000000000400030400044334333222
000000000000000000000000000000000000000000000000000400030400044334333222 442332 000000000000000000000000000000000000000000000000000404030404044334333222
000000000000000000000000000000000000000000000000000404030404044334333222 233212 000000000000000000000000000000000000000000000000000424030434044334333222
000000000000000000000000000000000000000000000000000424030434044334333222 321221 000000000000000000000000000000000000000000000320000424030434044334333222
000000000000000000000000000000000000000000000320000424030434044334333222 122133 000000000000000000000000000000000000000001000322000424030434044334333222
000000000000000000000000000000000000000001000322000424030434044334333222 213321 000000000000000000000000000002000001000001000322000424030434044334333222
000000000000000000000000000002000001000001000322000424030434044334333222 332112 000000000000000000000000000002000001000001000322030424033434044334333222
000000000000000000000000000002000001000001000322030424033434044334333222 211232 000000000000000000000000000002000001000211000322030424033434044334333222
000000000000000000000000000002000001000211000322030424033434044334333222 123232 000000000000000000000000000012000021000211000322030424033434044334333222
000000000000000000000000000012000021000211000322030424033434044334333222 323223 000000000000000000000000000312000221000211000322030424033434044334333222
000000000000000000000000000312000221000211000322030424033434044334333222 322321 000000000000000200000300000312000221000211000322030424033434044334333222
000000000000000200000300000312000221000211000322030424033434044334333222 232121 000000000000000200000332000312000221000211000322030424033434044334333222
000000000000000200000332000312000221000211000322030424033434044334333222 212144 000000000000000200000332000312000221000211001322032424033434044334333222
000000000000000200000332000312000221000211001322032424033434044334333222 214411 000000000000000200000332000312000221010211021322032424033434044334333222
000000000000000200000332000312000221010211021322032424033434044334333222 441121 000000000004000204000332000312000221010211021322032424033434044334333222
000000000004000204000332000312000221010211021322032424033434044334333222 112133 000000000004000204000332000312000221010211021322032424133434144334333222
000000000004000204000332000312000221010211021322032424133434144334333222 213332 000000000004000204000332000312000221010211221322132424133434144334333222
000000000004000204000332000312000221010211221322132424133434144334333222 333244 000003000004000254000332000312050221010211221322132424133434144334333222
000003000004000254000332000312050221010211221322132424133434144334333222 324413 000003000004000254000332000312354221214211221322132424133434144334333222
000003000004000254000332000312354221214211221322132424133434144334333222 441332 000003000104000254000332002312354221214211221322132424133434144334333222
000003000104000254000332002312354221214211221322132424133434144334333222 133234 000533000114000254000332552312354221214211221322132424133434144334333222
000533000114000254000332552312354221214211221322132424133434144334333222 323441 000503000114000254030332052312354221214211221322132424133434144334333222
000503000114000254030332052312354221214211221322132424133434144334333222 344122 000503000114430254230332552312354221214211221322132424133434144334333222
000503000114430254230332552312354221214211221322132424133434144334333222 412232 000533001114004254005332002312354221214211221322132424133434144334333222
000533001114004254005332002312354221214211221322132424133434144334333222 223224 020533030114030254030332052312354221214211221322132424133434144334333222
020533030114030254030332052312354221214211221322132424133434144334333222 322421 020533030114030254030332052312354221214211221322132424133434144334333222
020533030114030254030332052312354221214211221322132424133434144334333222 242144 220503230114430254230332552312354221214211221322132424133434144334333222
220503230114430254230332552312354221214211221322132424133434144334333222 214433 050000050000550000555050555550415250415450425110213230334340214321224322
=== end ===
000000000000000000000000000000000000000000000000000000000000000000000000 322333 000000000000000000000000000000000000000000000000000000000000030000020000
000000000000000000000000000000000000000000000000000000000000030000020000 233312 000000000000000000000000000000000000000000000000000000000000033000022000
000000000000000000000000000000000000000000000000000000000000033000022000 331224 000000000000000000000000000000000000000000000000000000000000033000022330
000000000000000000000000000000000000000000000000000000000000033000022330 122432 000000000000000000000000000000000000000000000000000000000000133000222330
000000000000000000000000000000000000000000000000000000000000133000222330 243221 000000000000000000000000000000000000000000000000000000000000133240222330
000000000000000000000000000000000000000000000000000000000000133240222330 322142 000000000000000000000000000000000000000000000000002000003000133240222330
000000000000000000000000000000000000000000000000002000003000133240222330 214233 000000000000000000000000000000000000000000000000202000103000133240222330
000000000000000000000000000000000000000000000000202000103000133240222330 423342 000000000000000000000000000000000000000000000000202000103240133240222330
000000000000000000000000000000000000000000000000202000103240133240222330 334211 000000000000000000000000000000000000000000000030202030103240133240222330
000000000000000000000000000000000000000000000030202030103240133240222330 421113 000000000000000000000000000000003000003000001030232430113240133244222332
000000000000000000000000000000003000003000001030232430113240133244222332 111341 000000000000000000000000000000003000033100021330232430113240133244222332
000000000000000000000000000000003000033100021330232430113240133244222332 134134 000000000000003000003000004000043100033100221330232430113240133244222332
000000000000003000003000004000043100033100221330232430113240133244222332 413413 000000000000003000023000044000043100033100221330232430113240133244222332
000000000000003000023000044000043100033100221330232430113240133244222332 341324 000000004000033000023000044000043100033100221330232430113240133244222332
=== end ===
000000000000000000000000000000000000000000000000000000000000000000000000 222244 000000000000000000000000000000000000000000000000000000000000002000002000
000000000000000000000000000000000000000000000000000000000000002000002000 224442 000000000000000000000000000000000000000000000000000000000000000000000000
000000000000000000000000000000000000000000000000000000000000000000000000 444223 000000000000000000000000000000000000000000000000000000000000000000044000
000000000000000000000000000000000000000000000000000000000000000000044000 422342 000000000000000000000000000000000000000000000000000000000000200000444000
000000000000000000000000000000000000000000000000000000000000200000444000 234233 000000000000000000000000000000000000000000000000000000000000223000444000
000000000000000000000000000000000000000000000000000000000000223000444000 423324 000000000000000000000000000000000000000000000000000000240000223000444000
000000000000000000000000000000000000000000000000000000240000223000444000 332433 000000000000000000000000000000000000000000000000000000240000223300444300
000000000000000000000000000000000000000000000000000000240000223300444300 243331 000000000000000000000000000000000000000000000000004000242000223300444300
000000000000000000000000000000000000000000000000004000242000223300444300 333143 000000000000000000000000000000000000000000000000000000000000000000000000
000000000000000000000000000000000000000000000000000000000000000000000000 314332 000000000000000000000000000000000000000000000000000000000000000003000001
000000000000000000000000000000000000000000000000000000000000000003000001 433212 000000000000000000000000000000000000000000000000000004000003000003000001
000000000000000000000000000000000000000000000000000004000003000003000001 321244 000000000000000000000000000000000000000000000000000004000003000033000021
000000000000000000000000000000000000000000000000000004000003000033000021 124442 000000000000000000000000000000000000000000000000000004000003000233000121
000000000000000000000000000000000000000000000000000004000003000233000121 444232 000000000000000000000000000000000000000004000004000004000003000233000121
000000000000000000000000000000000000000004000004000004000003000233000121 423214 000000000000000000000000000000000000000004000004000404000203000233000121
000000000000000000000000000000000000000004000004000404000203000233000121 321423 000000000000000000000000000000000003000004000004000404000223000233000121
000000000000000000000000000000000003000004000004000404000223000233000121 142343 000000000000000000000000000000000003000004000404000414000223000233000121
000000000000000000000000000000000003000004000404000414000223000233000121 234312 000000000001000001000002000042000043000034000434000414000223000233000121
000000000001000001000002000042000043000034000434000414000223000233000121 431232 000005000101000101000102000242000243000234000434000414000223000233000121
000005000101000101000102000242000243000234000434000414000223000233000121 123222 000000000000000050000040000240000240000234000434005414005223005233005121
000000000000000050000040000240000240000234000434005414005223005233005121 322224 000005000001000051000042000242000243000234032434055414055223055233555121
000005000001000051000042000242000243000234032434055414055223055233555121 222412 000005000001000001000042000042000043000034000434000414055223055233055121
000005000001000001000042000042000043000034000434000414055223055233055121 241212 000005000001000001000042000042000043000034000434002414055223055233555121
000005000001000001000042000042000043000034000434002414055223055233555121 121243 000005000001000001000042000042000043041534032434052414055223055233055121
000005000001000001000042000042000043041534032434052414055223055233055121 124323 000005000001000001000042002542001543041534032434052414555223555233555121
000005000001000001000042002542001543041534032434052414555223555233555121 432342 000005000001000051000042002042001043041034032434052414055223555233555121
000005000001000051000042002042001043041034032434052414055223555233555121 234221 000000000000000000002040002040001040441034332434552414555223555233555121
000000000000000000002040002040001040441034332434552414555223555233555121 422134 000000000000000000002040002040001040041034032434052414555223555233555121
000000000000000000002040002040001040041034032434052414555223555233555121 213442 000005000001000001002042002042011043041034032434052414555223555233555121
000005000001000001002042002042011043041034032434052414555223555233555121 344242 000005000001004051002042002042001043001034002434002414005223505233555121
000005000001004051002042002042001043001034002434002414005223505233555121 424223 000005000001004301002342002542011543041534032434052414055223055233555121
000005000001004301002342002542011543041534032434052414055223055233555121 422314 000005000001000051000042000042000043000534000434000414000223000233000121
000005000001000051000042000042000043000534000434000414000223000233000121 231432 000055002051004051002042002042001043001534002434002414055223055233055121
000055002051004051002042002042001043001534002434002414055223055233055121 143234 000005000001000001000042000042000043000034000434000414000223000233000121
000005000001000001000042000042000043000034000434000414000223000233000121 323443 000000000000000000000000000000000000000000030001030001050002054012555121
000000000000000000000000000000000000000000030001030001050002054012555121 344342 000000000000000000000000000000000000000000030051030051050352054412555121
000000000000000000000000000000000000000000030051030051050352054412555121 434213 000000000000000000000000000000000000000000030451030351050352054412055121
000000000000000000000000000000000000000000030451030351050352054412055121 421334 000000000000000000000000000000000000000400030401030301050352054412055121
000000000000000000000000000000000000000400030401030301050352054412055121 133412 000000000000000000000000000000030000010405030401030301050302054412055121
=== end ===
000000000000000000000000000000000000000000000000000000000000000000000000 144111 000000000000000000000000000000000000000000000000000000000000010000040000
000000000000000000000000000000000000000000000000000000000000010000040000 411122 000000000000000000000000000000000000000000000000000000000000011000044000
000000000000000000000000000000000000000000000000000000000000011000044000 112221 000000000000000000000000000000000000000000000000000000000000011000044110
000000000000000000000000000000000000000000000000000000000000011000044110 222111 000000000000000000000000000000000000000000000000000000000000011220044110
000000000000000000000000000000000000000000000000000000000000011220044110 211121 000000000000000000000000000000000000000000000000000100000200011220044110
000000000000000000000000000000000000000000000000000100000200011220044110 112121 000000000000000000000000000000000000000100000100000100000200011220044110
000000000000000000000000000000000000000100000100000100000200011220044110 212131 000000000000000000000000000000000000000100000100010100020200011220044110
000000000000000000000000000000000000000100000100010100020200011220044110 213114 000000000000000000000000000000000000000000000000000000000000000000044000
000000000000000000000000000000000000000000000000000000000000000000044000 311424 000000000000000000000000000000000000000000000000000000000000013000044000
000000000000000000000000000000000000000000000000000000000000013000044000 142441 000000000000000000000000000000000000000000000000000000000000113000444000
000000000000000000000000000000000000000000000000000000000000113000444000 244122 000000000000000000000000000000000000000000000000020000040000113000444000
000000000000000000000000000000000000000000000000020000040000113000444000 412233 000000000000000000000000000000000000000000000000420000140000113000444000
000000000000000000000000000000000000000000000000420000140000113000444000 223344 000000000000000000000000000000000000000000000000422000142000113000444000
000000000000000000000000000000000000000000000000422000142000113000444000 334441 000000000000000000000000000000000000000000000000422000142000113000444330
000000000000000000000000000000000000000000000000422000142000113000444330 444143 000000000000000000000000000000000000000000000000422000142000113004444334
000000000000000000000000000000000000000000000000422000142000113004444334 414313 000000000000000000000000000000000000000000140000422000142000113004444334
000000000000000000000000000000000000000000140000422000142000113004444334 431344 000000000000000000000000000000000000000000140000422000142000113434444334
000000000000000000000000000000000000000000140000422000142000113434444334 134412 000000000000000000000000000000000000000000140000422300142100113434444334
000000000000000000000000000000000000000000140000422300142100113434444334 441222 000000000000000000000000000000000000440000140000422300142100113434444334
000000000000000000000000000000000000440000140000422300142100113434444334 122231 000000000000000000000000000000000000440000141200422300142100113434444334
000000000000000000000000000000000000440000141200422300142100113434444334 223121 000000000000000000000000000000000000440000141200422302142102113434444334
000000000000000000000000000000000000440000141200422302142102113434444334 312141 000000000000000000000000000000003000441000141200422302142102113434444334
000000000000000000000000000000003000441000141200422302142102113434444334 214132 000000000000000000000000000000003100441200141200422302142102113434444334
000000000000000000000000000000003100441200141200422302142102113434444334 413231 000000000000000000000000000100003100441200141200422302142142113434444334
000000000000000000000000000100003100441200141200422302142142113434444334 323113 000000000000000000000000000100003100441200141220422332142142113434444334
000000000000000000000000000100003100441200141220422332142142113434444334 311341 000000000000000000000300000100003100441210141220422332142142113434444334
000000000000000000000300000100003100441210141220422332142142113434444334 134144 000000000000000000000300000100003100441211141223422332142142113434444334
000000000000000000000300000100003100441211141223422332142142113434444334 414433 000000000000000000000000000000003300441204141223422332142142113434444334
000000000000000000000000000000003300441204141223422332142142113434444334 443332 000000000000000000000000000004003304441204141223422332142142113434444334
000000000000000000000000000004003304441204141223422332142142113434444334 333231 000000000000000003000003000004003304441204141223422332142142113434444334
000000000000000003000003000004003304441204141223422332142142113434444334 323113 000000000000000003000003000004003324441234141223422332142142113434444334
000000000000000003000003000004003324441234141223422332142142113434444334 311324 000000000000000003000003003104003324441234141223422332142142113434444334
000000000000000003000003003104003324441234141223422332142142113434444334 132413 000000000000000303000103003104003324441234141223422332142142113434444334
000000000000000303000103003104003324441234141223422332142142113434444334 241321 000000000000000000000000000000000000000000000000000000000000000002000102
000000000000000000000000000000000000000000000000000000000000000002000102 132124 000000000000000000000000000000000000000000055500055500055305055102055102
=== end ===
000000000000000000000000000000000000000000000000000000000000000000000000 424122 000000000000000000000000000000000000000000000000000000000000002000004000
000000000000000000000000000000000000000000000000000000000000002000004000 412244 000000000000000000000000000000000000000000000000000000000000002000144000
000000000000000000000000000000000000000000000000000000000000002000144000 224441 000000000000000000000000000000000000000000000000000000000000222000144000
000000000000000000000000000000000000000000000000000000000000222000144000 444112 000000000000000000000000000000000000000000000000000000044000222000144000
000000000000000000000000000000000000000000000000000000044000222000144000 411234 000000000000000000000000000000000000000000000000100000444000222000144000
000000000000000000000000000000000000000000000000100000444000222000144000 123442 000000000000000000000000000000000000000000000000101000444000222000144200
000000000000000000000000000000000000000000000000101000444000222000144200 344212 000000000000000000000000000000000000000000000000101000444000222003144204
000000000000000000000000000000000000000000000000101000444000222003144204 421242 000000000000000000000000000000000000000000000000101000444200222403144204
000000000000000000000000000000000000000000000000101000444200222403144204 124242 000000000000000000000000000000000000000000020000111000444200222403144204
000000000000000000000000000000000000000000020000111000444200222403144204 424214 000000000000000000000000000000000000000000020000111000444200222443144224
000000000000000000000000000000000000000000020000111000444200222443144224 421441 000000000000000000000000000000000000000000020000111020444240222443144224
000000000000000000000000000000000000000000020000111020444240222443144224 144144 000000000000000000000000000000000000001000024000111020444240222443144224
000000000000000000000000000000000000001000024000111020444240222443144224 414444 000000000000000000000000004000001000001000024000111020444240222443144224
000000000000000000000000004000001000001000024000111020444240222443144224 444431 000000000000000000000000004000001000001000024400111420444240222443144224
000000000000000000000000004000001000001000024400111420444240222443144224 443132 000000000000000000000000004000041000041000024400111420444240222443144224
000000000000000000000000004000041000041000024400111420444240222443144224 313231 000000000000000000000000004000041000041000024410111420444243222443144224
000000000000000000000000004000041000041000024410111420444243222443144224 323111 000000000000000000000000004000041000041050024412111423444243222443144224
000000000000000000000000004000041000041050024412111423444243222443144224 311114 000000000000000000000000004000041010041053024412111423444243222443144224
000000000000000000000000004000041010041053024412111423444243222443144224 111442 000000000000000000000000000000000000000003000012020023444243222443144224
000000000000000000000000000000000000000003000012020023444243222443144224 144212 000000000000000000000000000000000000000003000112020423444243222443144224
000000000000000000000000000000000000000003000112020423444243222443144224 421243 000000000000000000000000000000000000000003000012000523055143555443144224
000000000000000000000000000000000000000003000012000523055143555443144224 124343 000050000050000055000055005055005055002053001012005523555143555443144224
000050000050000055000055005055005055002053001012005523555143555443144224 434333 000055000555035555045555055555055555052553051512055523055143055443144224
000055000555035555045555055555055555052553051512055523055143055443144224 433313 000000000000000000000000000005000005000003000512000523000143005443144224
=== end ===
