000000000000000000000000000000000000000000000000000000000000000000000000 221132 000000000000000000000000000000000000000000000000000000000000000000022000
000000000000000000000000000000000000000000000000000000000000000000022000 113234 000000000000000000000000000000000000000000000000000000000000011000022000
000000000000000000000000000000000000000000000000000000000000011000022000 323442 000000000000000000000000000000000000000000000000000000000000011200022300
000000000000000000000000000000000000000000000000000000000000011200022300 344213 000000000000000000000000000000000000000000000000000000000000011240022330
000000000000000000000000000000000000000000000000000000000000011240022330 421312 000000000000000000000000000000000000000000000000000000002400011240022330
000000000000000000000000000000000000000000000000000000002400011240022330 131242 000000000000000000000000000000000000000000000000000010002430011240022330
000000000000000000000000000000000000000000000000000010002430011240022330 124241 000000000000000000000000000000000000000000002000004010002430111240222330
000000000000000000000000000000000000000000002000004010002430111240222330 424143 000000000000000000000000000000000000001100002231014113032434111244222331
000000000000000000000000000000000000001100002231014113032434111244222331 414311 000000000000000000000000001000002100041100022231014113332434111244222331
000000000000000000000000001000002100041100022231014113332434111244222331 431143 000000000000000000000000001000002100041100022200014100332404111244222331
000000000000000000000000001000002100041100022200014100332404111244222331 114321 000000000000000000000010031010042133041122022231014113332434111244222331
000000000000000000000010031010042133041122022231014113332434111244222331 432113 000000000000000000000210031210042133041122022231014113332434111244222331
000000000000000000000210031210042133041122022231014113332434111244222331 211341 000000000100000200000210031210042133041122022231014113332434111244222331
=== end ===
000000000000000000000000000000000000000000000000000000000000044000011000 411233 000000000000000000000000000000000000000000000000000000000000044100011200
000000000000000000000000000000000000000000000000000000000000044100011200 123323 000000000000000000000000000000000000000000000000000000001200044100011200
000000000000000000000000000000000000000000000000000000001200044100011200 332312 000000000000000000000000000000000000000000000000000000001200044100011233
000000000000000000000000000000000000000000000000000000001200044100011233 231244 000000000000000000000000000000000000000000000000000000001203044102011233
000000000000000000000000000000000000000000000000000000001203044102011233 124421 000000000000000000000000000000000000000000000000000000001223044112011233
000000000000000000000000000000000000000000000000000000001223044112011233 442131 000000000000000000000000000000000000000000000000004400001223044112011233
000000000000000000000000000000000000000000000000004400001223044112011233 213114 000000000000000000000000000000000000000000000000004400021223044112111233
000000000000000000000000000000000000000000000000004400021223044112111233 311443 000000000000000000000000000000000003100004400014144433121223444112111233
000000000000000000000000000000000003100004400014144433121223444112111233 144344 000000000000000000000000000000000003140004410014144433121223444112111233
000000000000000000000000000000000003140004410014144433121223444112111233 434421 000000000000000000000000000003000003140044410014144433121223444112111233
000000000000000000000000000003000003140044410014144433121223444112111233 442113 000000000000000004000004000003000003140044410014144433121223444112111233
000000000000000004000004000003000003140044410014144433121223444112111233 211334 000000000000000004000004000003000003140044411214144433121223444112111233
000000000000000004000004000003000003140044411214144433121223444112111233 133443 000000000000000004000004000003130003140044411214144433121223444112111233
000000000000000004000004000003130003140044411214144433121223444112111233 344333 000000000000000004000004000043130033140044411214144433121223444112111233
000000000000000004000004000043130033140044411214144433121223444112111233 433312 000004000003000004000004000043130033140044411214144433121223444112111233
000004000003000004000004000043130033140044411214144433121223444112111233 331214 000004000003000034000034000043130033140044411214144433121223444112111233
000004000003000034000034000043130033140044411214144433121223444112111233 121434 000004000003000034000034000043130133140244411214144433121223444112111233
000004000003000034000034000043130133140244411214144433121223444112111233 143411 000004000003000034000134000443130133140244411214144433121223444112111233
000004000003000034000134000443130133140244411214144433121223444112111233 341113 000004000043000334000134000443130133140244411214144433121223444112111233
000004000043000334000134000443130133140244411214144433121223444112111233 111314 000004000043000334010134010443130133140244411214144433121223444112111233
000004000043000334010134010443130133140244411214144433121223444112111233 131424 050054030543010334010134510443130133145244411214144433121223444112111233
050054030543010334010134510443130133145244411214144433121223444112111233 142421 000054000043000334000134030443134133145244411214144433121223444112111233
=== end ===
000000000000000000000000000000000000000000000000000000000000000000000000 142222 000000000000000000000000000000000000000000000000000000000000030000040000
000000000000000000000000000000000000000000000000000000000000030000040000 222213 000000000000000000000000000000000000000000000000000000000000230000240000
000000000000000000000000000000000000000000000000000000000000230000240000 221322 000000000000000000000000000000000000000000000000020000020000230000240000
000000000000000000000000000000000000000000000000020000020000230000240000 132233 000000000000000000000000000000000000000000000000020000020000230000243100
000000000000000000000000000000000000000000000000020000020000230000243100 223344 000000000000000000000000000000000000000000000000020000020000230000243122
000000000000000000000000000000000000000000000000020000020000230000243122 334411 000000000000000000000000000000000000000000000000020000020000230033243122
000000000000000000000000000000000000000000000000020000020000230033243122 441114 000000000000000000000000000000000000000000000000420000420000230033243122
000000000000000000000000000000000000000000000000420000420000230033243122 111411 000000000000000000000000000000000000000000000000420000420000231133243122
000000000000000000000000000000000000000000000000420000420000231133243122 141143 000000000000000000000000000000000000010000010000420004420003231133243122
000000000000000000000000000000000000010000010000420004420003231133243122 114323 000000000000000000000000000000000000010000010000424304423203231133243122
000000000000000000000000000000000000010000010000424304423203231133243122 432334 000000000000000000000000000000000000010200010200424304423203231133243122
000000000000000000000000000000000000010200010200424304423203231133243122 233421 000000000000000000000000000000000000013200012200424304423203231133243122
000000000000000000000000000000000000013200012200424304423203231133243122 342132 000000000000000000000000000000000000013203012204424304423203231133243122
000000000000000000000000000000000000013203012204424304423203231133243122 213223 000000000000000000000000000000000000013203012204424324423213231133243122
000000000000000000000000000000000000013203012204424324423213231133243122 322341 000000000000000000000000000200000300013203012204424324423213231133243122
000000000000000000000000000200000300013203012204424324423213231133243122 234122 000000000000000000000200000200003300013203012204424324423213231133243122
000000000000000000000200000200003300013203012204424324423213231133243122 412242 000000000000000000000200000200003300113203412204424324423213231133243122
000000000000000000000200000200003300113203412204424324423213231133243122 224224 000000000000000000000200000200223300113203412204424324423213231133243122
000000000000000000000200000200223300113203412204424324423213231133243122 422421 000000000000000000400200200200223300113203412204424324423213231133243122
000000000000000000400200200200223300113203412204424324423213231133243122 242144 000000200000400000400200200200223300113203412204424324423213231133243122
000000200000400000400200200200223300113203412204424324423213231133243122 214423 000000200000400200400200201200223300113203412204424324423213231133243122
000000200000400200400200201200223300113203412204424324423213231133243122 442342 000000000000000200000200001200003300113203412204424324423213231133243122
000000000000000200000200001200003300113203412204424324423213231133243122 234212 000000000000000200000200001203003302113203412204424324423213231133243122
000000000000000200000200001203003302113203412204424324423213231133243122 421214 000000000000000200000202001203003302113203412244424324423213231133243122
000000000000000200000202001203003302113203412244424324423213231133243122 121421 000000000000000200000202011203023302113203412244424324423213231133243122
000000000000000200000202011203023302113203412244424324423213231133243122 142122 000000000000000000000000000000000000100000410100421200413200213202244303
000000000000000000000000000000000000100000410100421200413200213202244303 212231 000000000000000000000000000000000000100000410100421201413202213202244303
000000000000000000000000000000000000100000410100421201413202213202244303 223121 000000000000000000000000000000000000100000410000421000413000213101244303
000000000000000000000000000000000000100000410000421000413000213101244303 312141 000000000000000000000000000000000000100000410000421000413000213111244333
000000000000000000000000000000000000100000410000421000413000213111244333 214123 000000000000000000000000000000000000102000411000421000413000213111244333
000000000000000000000000000000000000102000411000421000413000213111244333 412322 000000000000000000000000000000000000102000411000421400413300213111244333
=== end ===
000000000000000000000000000000000000000000000000000000000000000000000000 133343 000000000000000000000000000000000000000000000000000000000000001000003000
000000000000000000000000000000000000000000000000000000000000001000003000 334322 000000000000000000000000000000000000000000000000000000000000001000333000
000000000000000000000000000000000000000000000000000000000000001000333000 432241 000000000000000000000000000000000000000000000000000000000000001300333400
000000000000000000000000000000000000000000000000000000000000001300333400 224142 000000000000000000000000000000000000000000000000000000000000001300333422
000000000000000000000000000000000000000000000000000000000000001300333422 414231 000000000000000000000000000000000000000000000000000000400000101300333422
000000000000000000000000000000000000000000000000000000400000101300333422 423132 000000000000000000000000000000000000000000000000000000400020101340333422
000000000000000000000000000000000000000000000000000000400020101340333422 313224 000000000000000000000000000000000000000000000000000000403020111340333422
000000000000000000000000000000000000000000000000000000403020111340333422 322444 000000000000000000000000000000000000000000000030000020403020111340333422
000000000000000000000000000000000000000000000030000020403020111340333422 244443 000000000000000000000000000000000000000000000030000020403022111344333422
000000000000000000000000000000000000000000000030000020403022111344333422 444344 000000000000000000000000000000000000000000000030040020443022111344333422
000000000000000000000000000000000000000000000030040020443022111344333422 434422 000000000000000000000000000000000000000000000030040320443422111344333422
000000000000000000000000000000000000000000000030040320443422111344333422 442234 000000000000000000000000000000000000000000000034040324443422111344333422
000000000000000000000000000000000000000000000034040324443422111344333422 223421 000000000000000000000000000000000000000000200034240324443422111344333422
000000000000000000000000000000000000000000200034240324443422111344333422 342122 000000000000000000000000000000000000000034200034240324443422111344333422
000000000000000000000000000000000000000034200034240324443422111344333422 212233 000000000000000000000000000000000000100034220034240324443422111344333422
000000000000000000000000000000000000100034220034240324443422111344333422 223313 000000000000000000000000000002000002100034220034240324443422111344333422
000000000000000000000000000002000002100034220034240324443422111344333422 331332 000000000000000000000000000002000002100004220004240024440422111344333422
000000000000000000000000000002000002100004220004240024440422111344333422 133214 000000000000000000000000000002000002110004220004240024443422111344333422
000000000000000000000000000002000002110004220004240024443422111344333422 321443 000000000000000000000000000002020002110004220004243024443422111344333422
000000000000000000000000000002020002110004220004243024443422111344333422 144322 000000000000000000000000400002120002110004220004243024443422111344333422
000000000000000000000000400002120002110004220004243024443422111344333422 432244 000000000000300000400000400002120002110004220004243024443422111344333422
000000000000300000400000400002120002110004220004243024443422111344333422 224424 000000000000300000420000420002120002110004220004243024443422111344333422
000000000000300000420000420002120002110004220004243024443422111344333422 442411 000000040000340000420000420002120002110004220004243024443422111344333422
000000040000340000420000420002120002110004220004243024443422111344333422 241124 050000040000340000420000420000120000110000225000243000443455111344333422
050000040000340000420000420000120000110000225000243000443455111344333422 112424 050000040000340000420000420000120000115000225000243000443455111344333422
050000040000340000420000420000120000115000225000243000443455111344333422 242414 550000540000340000420000420200124100115100225500243500443405111344333422
550000540000340000420000420200124100115100225500243500443405111344333422 241433 000000000000000000000000300000100100110100220500243500443455111344333422
000000000000000000000000300000100100110100220500243500443455111344333422 143314 000000000000000000000000300000100000110000225000243000443400111344333422
000000000000000000000000300000100000110000225000243000443400111344333422 331423 000000000000500000530000330000150000110000220000243005443455111344333422
000000000000500000530000330000150000110000220000243005443455111344333422 142314 000000000000500000530000330000150000110000220000243000443400111344333422
000000000000500000530000330000150000110000220000243000443400111344333422 231432 000000000000500000500000300000100000110000220000243005443455111344333422
000000000000500000500000300000100000110000220000243005443455111344333422 143241 100000400000520000530000330000150000110000220000243000443055111044333422
=== end ===
000000000000000000000000000000000000000000000000000000000000000000000000 333231 000000000000000000000000000000000000000000000000000000000000000000033000
000000000000000000000000000000000000000000000000000000000000000000033000 323122 000000000000000000000000000000000000000000000000000000000000200000333000
000000000000000000000000000000000000000000000000000000000000200000333000 312233 000000000000000000000000000000000000000000000000000000000000200300333400
000000000000000000000000000000000000000000000000000000000000200300333400 223334 000000000000000000000000000000000000000000000000000000000000222300333400
000000000000000000000000000000000000000000000000000000000000222300333400 333434 000000000000000000000000000000000000000000000000000000000000222300333433
000000000000000000000000000000000000000000000000000000000000222300333433 343441 000000000000000000000000000000000000000000000000400000300000222300333433
000000000000000000000000000000000000000000000000400000300000222300333433 344111 000000000000000000000000000000000000000000000000400000334000222300333433
000000000000000000000000000000000000000000000000400000334000222300333433 411111 000000000000000000000000000000000000000000010000440000334000222300333433
000000000000000000000000000000000000000000010000440000334000222300333433 111112 000000000000000000000000000000000000000000010000440000334000222311333433
000000000000000000000000000000000000000000010000440000334000222311333433 111214 000000000000000000000000000000000000100000110000440000334000222311333433
000000000000000000000000000000000000100000110000440000334000222311333433 121442 000000000000000000000000400000400000100000110000440400334200222311333433
000000000000000000000000400000400000100000110000440400334200222311333433 144242 000000000000000000000000000000000000000004400002440402334201222311333433
000000000000000000000000000000000000000004400002440402334201222311333433 424224 000000000000000000000000000002000004000004400002440402334201222311333433
000000000000000000000000000002000004000004400002440402334201222311333433 422423 000000000000000002000004000002000004000004400002440402334201222311333433
000000000000000002000004000002000004000004400002440402334201222311333433 242341 000000000000000002000004000002000004000404400202440402334201222311333433
000000000000000002000004000002000004000404400202440402334201222311333433 234124 000000000000000002000004000002000004000404400202440422334231222311333433
000000000000000002000004000002000004000404400202440422334231222311333433 412442 000004000001000002000004500002500004505404405252445422334231222311333433
000004000001000002000004500002500004505404405252445422334231222311333433 244241 000004000001000002000004500002500504500404450252440422334231222311333433
000004000001000002000004500002500504500404450252440422334231222311333433 424123 000004000001000002000004500002500504500404450252440422334231222311333433
000004000001000002000004500002500504500404450252440422334231222311333433 412344 000004000001000002000004500502500504500404400252440422334231222311333433
000004000001000002000004500502500504500404400252440422334231222311333433 234422 000004000001000002300004500502500504500404405252445422334231222311333433
000004000001000002300004500502500504500404405252445422334231222311333433 442233 000004000001000002300004500502500504500404450252440422334231222311333433
000004000001000002300004500502500504500404450252440422334231222311333433 223341 000004000001000002000024000022000554000454450252440422334231222311333433
000004000001000002000024000022000554000454450252440422334231222311333433 334121 000004000001000002000004000002500504500404450252445422334231222311333433
=== end ===
000000000000000000000000000000000000000000000000000000000000001000003000 333114 000000000000000000000000000000000000000000000000000000000000001000333000
000000000000000000000000000000000000000000000000000000000000001000333000 311411 000000000000000000000000000000000000000000000000000000300000101000333000
000000000000000000000000000000000000000000000000000000300000101000333000 141113 000000000000000000000000000000000000000000000000000000340000111000333000
000000000000000000000000000000000000000000000000000000340000111000333000 111334 000000000000000000000000000000000000000000000000000000340000111000333110
000000000000000000000000000000000000000000000000000000340000111000333110 133421 000000000000000000000000000000000000000000000000340000340000111020333111
000000000000000000000000000000000000000000000000340000340000111020333111 342112 000000000000000000000000000000000000000000324000342444344121111422333111
=== end ===
000000000000000000000000000000000000000000000000000000000000000000000000 424243 000000000000000000000000000000000000000000000000000000000000004000002000
000000000000000000000000000000000000000000000000000000000000004000002000 424323 000000000000000000000000000000000000000000000000000000000000344200422100
000000000000000000000000000000000000000000000000000000000000344200422100 432341 000000000000000000000000000000000000000000000000000000032000344200422100
000000000000000000000000000000000000000000000000000000032000344200422100 234134 000000000000000000000000000000000000000000000000200000332000344200422100
000000000000000000000000000000000000000000000000200000332000344200422100 413411 000000000000000000000000000000000000000000000000200000332000344210422140
000000000000000000000000000000000000000000000000200000332000344210422140 341143 000000000000000000000000000000000000400000300000200000332000344210422140
000000000000000000000000000000000000400000300000200000332000344210422140 114333 000000000000000000000000000000000000400000300000200030332040344211422141
000000000000000000000000000000000000400000300000200030332040344211422141 433334 000000000000000000000000000000000000400000300000220400332140344211422141
000000000000000000000000000000000000400000300000220400332140344211422141 333421 000000000000000000000000000000000000403000303400224404332044344211422041
000000000000000000000000000000000000403000303400224404332044344211422041 342111 000000000000000000000000000000000000433100323400224414332144344211422141
000000000000000000000000000000000000433100323400224414332144344211422141 211122 000000000000000000000000000300550100433100323412224414332144344211422141
000000000000000000000000000300550100433100323412224414332144344211422141 112241 000000000000000000000000000301555101433105323412224414332144344211422141
000000000000000000000000000301555101433105323412224414332144344211422141 224141 000000000000000000000000000300555100433100323412224414332144344211422141
000000000000000000000000000300555100433100323412224414332144344211422141 414122 000000000000000000000000000000500002400042320412224414332144344211422141
000000000000000000000000000000500002400042320412224414332144344211422141 412233 000000000000000000000000000010500042400042320412224414332144344211422141
000000000000000000000000000010500042400042320412224414332144344211422141 223342 000000000000000000000000000000500000400000320000220004332044344211422141
000000000000000000000000000000500000400000320000220004332044344211422141 334211 000000000000000000000000000000500000400000323000223004332044344211422141
000000000000000000000000000000500000400000323000223004332044344211422141 421143 000000000000000000000000040000520000450000323000223004332044344211422141
000000000000000000000000040000520000450000323000223004332044344211422141 114323 000000000000000000000000000000500000400000323000223104332144344211422141
000000000000000000000000000000500000400000323000223104332144344211422141 432331 000000000000000000000000000000504000403000323000223104332144344211422141
000000000000000000000000000000504000403000323000223104332144344211422141 233142 000000000000000000000000000000504000403000323030223124332144344211422141
000000000000000000000000000000504000403000323030223124332144344211422141 314214 000000000000000000000000000000504010403030323030223124332144344211422141
000000000000000000000000000000504010403030323030223124332144344211422141 421424 000000000000000000000000004000504010403030323230223124332144344211422141
000000000000000000000000004000504010403030323230223124332144344211422141 142432 000000000000000000000040004010504010403030323230223124332144344211422141
000000000000000000000040004010504010403030323230223124332144344211422141 243223 000000000020000040000040004010504010403030323230223124332144344211422141
000000000020000040000040004010504010403030323230223124332144344211422141 322342 000000000020000040003040004010504010403030323230223124332144344211422141
=== end ===
000000000000000000000000000000000000000000000000000000000000003000002000 121423 000000000000000000000000000000000000000000000000000000000000443400422344
000000000000000000000000000000000000000000000000000000000000443400422344 142314 000000000000000000000000000000000000000000000000000000023000443400422344
000000000000000000000000000000000000000000000000000000023000443400422344 231442 000000000000000000000000000000000000000000000000000200023300443400422344
000000000000000000000000000000000000000000000000000200023300443400422344 144232 000000000000000000000000000000000000000000000000000200023340443410422344
000000000000000000000000000000000000000000000000000200023340443410422344 423211 000000000000000000000000000000000000000000000000024200023340443410422344
000000000000000000000000000000000000000000000000024200023340443410422344 321131 000000000000000000000000000000000000030000020000024200023340443410422344
000000000000000000000000000000000000030000020000024200023340443410422344 113142 000000000000000000000000000000000000030000020000024200023341443411422344
000000000000000000000000000000000000030000020000024200023341443411422344 314231 000000000000000000000000000000000000033000021000024200023341443411422344
000000000000000000000000000000000000033000021000024200023341443411422344 423132 000000000000000000000000000000000000033000021040024220023341443411422344
000000000000000000000000000000000000033000021040024220023341443411422344 313244 000000000000000000000000000000000000033300021140024220023341443411422344
000000000000000000000000000000000000033300021140024220023341443411422344 324414 000000000000000000000000000000000000033300021143024222023341443411422344
000000000000000000000000000000000000033300021143024222023341443411422344 441422 000000000000000000000000000000000000033344021143024222023341443411422344
000000000000000000000000000000000000033344021143024222023341443411422344 142244 000000000000000000000000020400020400033344021143024222023341443411422344
000000000000000000000000020400020400033344021143024222023341443411422344 224412 000000000000000000000000000000000000000000001000004022003041443011422044
000000000000000000000000000000000000000000001000004022003041443011422044 441211 000000000000000000000000000000004000004000001000004022003041443011422044
000000000000000000000000000000004000004000001000004022003041443011422044 121141 000000000000000000001000001000004401004122001133004222003341443411422344
=== end ===
000000000000000000000000000000000000000000000000000000000000000000000000 332332 000000000000000000000000000000000000000000000000000000000000000000033000
000000000000000000000000000000000000000000000000000000000000000000033000 233244 000000000000000000000000000000000000000000000000000000000000200000333000
000000000000000000000000000000000000000000000000000000000000200000333000 324422 000000000000000000000000000000000000000000000000000000003000202000333000
000000000000000000000000000000000000000000000000000000003000202000333000 442211 000000000000000000000000000000000000000000000000400000403000202000333000
000000000000000000000000000000000000000000000000400000403000202000333000 221133 000000000000000000000000000000000000000000200000400000403000222000333000
000000000000000000000000000000000000000000200000400000403000222000333000 113344 000000000000000000000000000000000000000000200000400000403000222000333110
000000000000000000000000000000000000000000200000400000403000222000333110 334421 000000000000000000000000000000000000000000200000400000403000222330333110
000000000000000000000000000000000000000000200000400000403000222330333110 442144 000000000000000000000000000000000000000000200000400000403000222334333114
000000000000000000000000000000000000000000200000400000403000222334333114 214411 000000000000000000000000000000000000000000200000400001403002222334333114
000000000000000000000000000000000000000000200000400001403002222334333114 441113 000000000000000000000000000000000000000000200000400001403442222334333114
000000000000000000000000000000000000000000200000400001403442222334333114 111313 000000000000000000000000000000000000000000200000400111403442222334333114
000000000000000000000000000000000000000000200000400111403442222334333114 131341 000000000000000000000000000000000000010000234000434111443442222334333114
000000000000000000000000000000000000010000234000434111443442222334333114 134133 000000000000000000000000034000034000011040234220434111443442222334333114
000000000000000000000000034000034000011040234220434111443442222334333114 413321 000000000000000000000000034000034033011044234222434111443442222334333114
000000000000000000000000034000034033011044234222434111443442222334333114 332132 000000000000000000000000004000004233001144204222404111443442222334333114
000000000000000000000000004000004233001144204222404111443442222334333114 213241 000000000004000004000114034223034233011144234222434111443442222334333114
000000000004000004000114034223034233011144234222434111443442222334333114 324123 000000000034000024000114034223034233011144234222434111443442222334333114
000000000034000024000114034223034233011144234222434111443442222334333114 412311 000555000434000124005114034223034233511144234222434111443442222334333114
000555000434000124005114034223034233511144234222434111443442222334333114 231131 000555000434030124025114334223234233511144234222434111443442222334333114
000555000434030124025114334223234233511144234222434111443442222334333114 113143 000000000000030000020000334000234400511100234222434111443442222334333114
000000000000030000020000334000234400511100234222434111443442222334333114 314313 000000000000001000003000304000204400511100234222434111443442222334333114
000000000000001000003000304000204400511100234222434111443442222334333114 431344 000000030000031000423000334000234400511100234222434111443442222334333114
000000030000031000423000334000234400511100234222434111443442222334333114 134424 000000000000001000403000304000204410511130234222434111443442222334333114
000000000000001000403000304000204410511130234222434111443442222334333114 442422 000000000000001000403040304040204410511130234222434111443442222334333114
000000000000001000403040304040204410511130234222434111443442222334333114 242222 000000200000401000403040304040204410511130234222434111443442222334333114
000000200000401000403040304040204410511130234222434111443442222334333114 222244 020000030000031000023040034040034410011130234222434111443442222334333114
020000030000031000023040034040034410011130234222434111443442222334333114 224413 220000230020431020423040334040234410511130234222434111443442222334333114
220000230020431020423040334040234410511130234222434111443442222334333114 441312 000000000000200000220020430020430010224030234222434111443442222334333114
000000000000200000220020430020430010224030234222434111443442222334333114 131244 000000000000200000220020430020433010224130234222434111443442222334333114
=== end ===
000000000000000000000000000000000000000000000000000000000000003000004000 444314 000000000000000000000000000000000000000000000000000000000000003000444000
000000000000000000000000000000000000000000000000000000000000003000444000 431441 000000000000000000000000000000000000000000000000000000400000303000444000
000000000000000000000000000000000000000000000000000000400000303000444000 144133 000000000000000000000000000000000000000000000000000000400000303000444140
000000000000000000000000000000000000000000000000000000400000303000444140 413343 000000000000000000000000000000000000000000000000000000401000303400444140
000000000000000000000000000000000000000000000000000000401000303400444140 334342 000000000000000000000000000000000000000000000000000300401300303400444140
000000000000000000000000000000000000000000000000000300401300303400444140 434243 000000000000000000000000000000000000000000000000000300441300333400444140
000000000000000000000000000000000000000000000000000300441300333400444140 424312 000000000000000000000000000000000000000000000000000300441300333420444144
000000000000000000000000000000000000000000000000000300441300333420444144 431212 000000000000000000000000000000000000000000004000003300441300333420444144
000000000000000000000000000000000000000000004000003300441300333420444144 121212 000000000000000000000000000000000000000000004000003301441321333422444144
000000000000000000000000000000000000000000004000003301441321333422444144 121243 000000000000000000000000000000000000000002004001003301441321333422444144
000000000000000000000000000000000000000002004001003301441321333422444144 124331 000000000000000000000000000000000000000002024001013301441321333422444144
000000000000000000000000000000000000000002024001013301441321333422444144 433111 000000000000000000000000000000000000000002024031013341441321333422444144
000000000000000000000000000000000000000002024031013341441321333422444144 311132 000000000000000000000000000000000000000302024131013341441321333422444144
000000000000000000000000000000000000000302024131013341441321333422444144 113231 100000400000330000310450445431141244322332124131113341441321333422444144
100000400000330000310450445431141244322332124131113341441321333422444144 323122 100000400000330000310000440031141244322332124131113341441321333422444144
100000400000330000310000440031141244322332124131113341441321333422444144 312242 100000400000330000310030440031141244322332124131113341441321333422444144
100000400000330000310030440031141244322332124131113341441321333422444144 224223 150000420000330000310030440031141244322332124131113341441321333422444144
150000420000330000310030440031141244322332124131113341441321333422444144 422341 120000420000330000314030442031141244322332124131113341441321333422444144
120000420000330000314030442031141244322332124131113341441321333422444144 234141 000000000000000000000030000031002044304332104131113341441321333422444144
000000000000000000000030000031002044304332104131113341441321333422444144 414111 000000000000000000000030000031102044304332144131113341441321333422444144
000000000000000000000030000031102044304332144131113341441321333422444144 411121 000000000000000000000030000031000044000332102131303341441321333422444144
000000000000000000000030000031000044000332102131303341441321333422444144 112113 000000000000000000000030000031000044000332102131303341441321333422444144
000000000000000000000030000031000044000332102131303341441321333422444144 211311 000000000000000000000030000031000044000332112131323341441321333422444144
000000000000000000000030000031000044000332112131323341441321333422444144 131134 000001000201000241000135000331001144001332112131323341441321333422444144
=== end ===
000000000000000000000000000000000000000000000000000000000000000000000000 323113 000000000000000000000000000000000000000000000000000000000000000000003200
000000000000000000000000000000000000000000000000000000000000000000003200 311324 000000000000000000000000000000000000000000000100000300004300111430333220
000000000000000000000000000000000000000000000100000300004300111430333220 132411 000000000000000000000000000000000000000000000100000300004320111430333222
000000000000000000000000000000000000000000000100000300004320111430333222 241123 000000000000000000000000000000000000000000000100000300244320111430333222
000000000000000000000000000000000000000000000100000300244320111430333222 112342 000000000000000000000000000000000000000000010100010300244320111430333222
000000000000000000000000000000000000000000010100010300244320111430333222 234242 000000000000000000000000000000000000000000010100010300244322111433333222
000000000000000000000000000000000000000000010100010300244322111433333222 424214 000000000000000000000000000000000000040000010100210300244322111433333222
000000000000000000000000000000000000040000010100210300244322111433333222 421414 000000000000000000000000000000000000440000210100210300244322111433333222
000000000000000000000000000000000000440000210100210300244322111433333222 141442 000000000000000000000000000000010000440000210100214300244322111433333222
000000000000000000000000000000010000440000210100214300244322111433333222 144224 000000000000000000000000010000410000440000210100214300244322111433333222
000000000000000000000000010000410000440000210100214300244322111433333222 422443 000000000000000000000000010000410000440000210100214342244322111433333222
000000000000000000000000010000410000440000210100214342244322111433333222 244321 000000000000000000000000010000410000440020210140214342244322111433333222
000000000000000000000000010000410000440020210140214342244322111433333222 432142 000000000000000000000000010000410000440023210144214342244322111433333222
000000000000000000000000010000410000440023210144214342244322111433333222 214232 000000100000100000140000210000410000440023212144214342244322111433333222
000000100000100000140000210000410000440023212144214342244322111433333222 423224 500000150000150000140000210000410050440051215144214342244322111433333222
500000150000150000140000210000410050440051215144214342244322111433333222 322414 500000100000100000140000210000410005440001215144214342244322111433333222
500000100000100000140000210000410005440001215144214342244322111433333222 241423 500000100000150000140000210005410005440001215144214342244322111433333222
500000100000150000140000210005410005440001215144214342244322111433333222 142313 500000100000150000140000210000410005440501215144214342244322111433333222
500000100000150000140000210000410005440501215144214342244322111433333222 231333 500000100000150000140000210000410000440501215144214342244322111433333222
500000100000150000140000210000410000440501215144214342244322111433333222 133334 500001100003150003140002210005410005440001215144214342244322111433333222
500001100003150003140002210005410005440001215144214342244322111433333222 333433 500001100003100003140002210005410005440001215144214342244322111433333222
500001100003100003140002210005410005440001215144214342244322111433333222 343324 500000100000100000140000210000410005440001210144214342244322111433333222
500000100000100000140000210000410005440001210144214342244322111433333222 332414 500000100000150000140000210000410000440001215144214342244322111433333222
500000100000150000140000210000410000440001215144214342244322111433333222 241431 500000100000100000140000210000411000445001215144214342244322111433333222
500000100000100000140000210000411000445001215144214342244322111433333222 143123 000000000000000000000000000000000000000000000000000400000200000241333144
000000000000000000000000000000000000000000000000000400000200000241333144 312331 000000000000000020000040000030000040000040000030000450300255100241333144
=== end ===
000000000000000000000000000000000000000000000000000000000000000000000000 223414 000000000000000000000000000000000000000000000000000000000040000033000444
000000000000000000000000000000000000000000000000000000000040000033000444 341421 000000000000000000000000000000000000000000000000000004000043000033000444
000000000000000000000000000000000000000000000000000004000043000033000444 142144 000000000000000000000000000000000000000001000004000004000043000033000444
000000000000000000000000000000000000000001000004000004000043000033000444 214411 000000000000000000000000000000000001000001000004000024000043000033000444
000000000000000000000000000000000001000001000004000024000043000033000444 441114 000000000000000000000000000004000001000001000044000024000043000033000444
000000000000000000000000000004000001000001000044000024000043000033000444 111422 000000000000000000000000000004000001000001000044000024000043100033100444
000000000000000000000000000004000001000001000044000024000043100033100444 142212 000000000000000000000000000004000041000011000044000024000043100033100444
000000000000000000000000000004000041000011000044000024000043100033100444 221222 000000000000000000000020000024000041000011500044500024555043155533155444
000000000000000000000020000024000041000011500044500024555043155533155444 122223 000000000000000050000020500024500041500011500044500024555543155533155444
000000000000000050000020500024500041500011500044500024555543155533155444 222344 000000000000000000000020000024000041000011500044500024500043100033105444
000000000000000000000020000024000041000011500044500024500043100033105444 234434 000000000000000050000020000024000041000011500044500024500043105033105444
000000000000000050000020000024000041000011500044500024500043105033105444 443414 000050000050000050000020005024002041002011505044505024505043105533155444
000050000050000050000020005024002041002011505044505024505043105533155444 341441 000000000000000050004020005024002041002011505044505024505043105533105444
000000000000000050004020005024002041002011505044505024505043105533105444 144121 000000000000000000000020000024000041000011000044000024000043100033105444
000000000000000000000020000024000041000011000044000024000043100033105444 412111 000000000000000050000020000024500041500011500044500024500043100033100444
000000000000000050000020000024500041500011500044500024500043100033100444 211142 000000000000000000000020000024000041000011500044500024505043105033105444
000000000000000000000020000024000041000011500044500024505043105033105444 114221 000000000000000000000020100024500041500011500044500014500043100033105444
000000000000000000000020100024500041500011500044500014500043100033105444 422131 000000000000200000400020100024500041500011500044500024505043105033105444
000000000000200000400020100024500041500011500044500024505043105033105444 213123 000000000000000000000000000000400000500000500000500000500043155533155444
000000000000000000000000000000400000500000500000500000500043155533155444 312321 000000000000000000000000000000400000500000500000500000505043105033105444
000000000000000000000000000000400000500000500000500000505043105033105444 232133 000000000000000000000000000000400000502003503051505055505043105033105444
000000000000000000000000000000400000502003503051505055505043105033105444 213333 000000000000000000000000000000400000502000503000505000505043105033105444
000000000000000000000000000000400000502000503000505000505043105033105444 333313 000000000000000000000000003000403000502000503000505000505043105033105444
=== end ===
000000000000000000000000000000000000000000000000000000000000000000000000 413313 000000000000000000000000000000000000000000000000000000000000040000010000
000000000000000000000000000000000000000000000000000000000000040000010000 331331 000000000000000000000000000000000000000000000000000000000000340000310000
000000000000000000000000000000000000000000000000000000000000340000310000 133134 000000000000000000000000000000000000000000000000000000310000340000310000
000000000000000000000000000000000000000000000000000000310000340000310000 313412 000000000000000000000000000000000000000000000000130000310000340000310000
000000000000000000000000000000000000000000000000130000310000340000310000 341224 000000000000000000000000000000000000000000000000130000310000340000314300
000000000000000000000000000000000000000000000000130000310000340000314300 122423 000000000000000000000000000000000000000000000000130000310000340001314302
000000000000000000000000000000000000000000000000130000310000340001314302 242342 000000000000000000000000000000000000000000000000130000310000344201314302
000000000000000000000000000000000000000000000000130000310000344201314302 234222 000000000000000000000000000000000000000000000000132000313000344201314302
000000000000000000000000000000000000000000000000132000313000344201314302 422221 000000000000000000000000000000000000000000000000132000313400344201314322
000000000000000000000000000000000000000000000000132000313400344201314322 222143 000000000000000000000000000000000000000000000200132200313400344201314322
000000000000000000000000000000000000000000000200132200313400344201314322 214341 000000000000000000000000000000000000000000000200132200313420344211314322
000000000000000000000000000000000000000000000200132200313420344211314322 434124 000000000000000000000000000000000000000000000240132230313420344211314322
000000000000000000000000000000000000000000000240132230313420344211314322 412431 000000000000000000000000000000000000000340000240132230313420344211314322
000000000000000000000000000000000000000340000240132230313420344211314322 243141 000000000000000000000000000020000040000340000240132230313420344211314322
000000000000000000000000000020000040000340000240132230313420344211314322 314111 000000000000000000000000000020000040000340000240132233313421344211314322
000000000000000000000000000020000040000340000240132233313421344211314322 411143 000000000000000000000000000420000340000340000240042233013421044211114322
000000000000000000000000000420000340000340000240042233013421044211114322 114341 000000000000000000000000000000000000000000040000044033013421044211114322
000000000000000000000000000000000000000000040000044033013421044211114322 434144 000000000000000000000000000000000000000000043000044333413421144211114322
000000000000000000000000000000000000000000043000044333413421144211114322 414422 000000000000000000000000000000000000000000000000000000410421144211114322
000000000000000000000000000000000000000000000000000000410421144211114322 442232 000000000000000000000000000000000000000000020000010000410421144211114322
000000000000000000000000000000000000000000020000010000410421144211114322 223224 000000000000000000000000000000000000000000020002010002410421144211114322
000000000000000000000000000000000000000000020002010002410421144211114322 322432 000000000000000000000000000000000000050050020022510032415421144211114322
000000000000000000000000000000000000050050020022510032415421144211114322 243241 000000000000000000000000000020000045000055020022510032415421144211114322
000000000000000000000000000020000045000055020022510032415421144211114322 324112 000000000000000000000000000000000000000000020022510032410421144211114322
000000000000000000000000000000000000000000020022510032410421144211114322 411231 000000000000000000000000000000000000000000020022510032410421144211114322
000000000000000000000000000000000000000000020022510032410421144211114322 123112 000000000000000000000000000000000000100000220022510032410421144211114322
000000000000000000000000000000000000100000220022510032410421144211114322 311241 000000000000000000000000300000100000150000220022510032415421144211114322
000000000000000000000000300000100000150000220022510032415421144211114322 124114 000000000000000000000000300000100000100000220022510532415421144211114322
000000000000000000000000300000100000100000220022510532415421144211114322 411424 000000000000000000000000320000110000150400220322510532415421144211114322
000000000000000000000000320000110000150400220322510532415421144211114322 142413 000000000000000000000000320000110000150400220322510532415421144211114322
000000000000000000000000320000110000150400220322510532415421144211114322 241313 000000000000000000000000000000000000320000220000510033415421144211114322
000000000000000000000000000000000000320000220000510033415421144211114322 131334 000000000000000000000000000000000000000000000000300000200000520000420300
000000000000000000000000000000000000000000000000300000200000520000420300 133413 000000000000000000000000000000000000000000000000300000200000523000421300
000000000000000000000000000000000000000000000000300000200000523000421300 341322 000000000000000000000000000000000000000000000000340000230000523000421300
000000000000000000000000000000000000000000000000340000230000523000421300 132242 000000000000000000000000000000000000030000030000340000230000523000421300
000000000000000000000000000000000000030000030000340000230000523000421300 224213 000000000000000000000000020000020000030000030000340000230000523000421300
000000000000000000000000020000020000030000030000340000230000523000421300 421312 000000000000000000000000020000020000030000030000344000232000523000421300
000000000000000000000000020000020000030000030000344000232000523000421300 131214 000000000000000000000000020000020000030000030000344000232100523300421300
000000000000000000000000020000020000030000030000344000232100523300421300 121423 000000000000010000020000020000020000030000030000344000232100523300421300
000000000000010000020000020000020000030000030000344000232100523300421300 142311 000000000000010000020000020000020000033000034000344000232100523300421300
000000000000010000020000020000020000033000034000344000232100523300421300 231111 000000000000000000000000020000030000010000520000520000524000244505431105
000000000000000000000000020000030000010000520000520000524000244505431105 111134 000000000000000000000000020000030000010000525000525000524005244505431105
000000000000000000000000020000030000010000525000525000524005244505431105 113411 000000000000000000000000020000030000010000520000520000524000244005431105
000000000000000000000000020000030000010000520000520000524000244005431105 341113 000000000000000000000000020000030000010000520000520000524040244550431150
000000000000000000000000020000030000010000520000520000524040244550431150 111311 000000000000000000000000020000030000010000525000525000524000244500431100
000000000000000000000000020000030000010000525000525000524000244500431100 131132 000000000000000000000000020000030000010000020000020000024000244000431100
000000000000000000000000020000030000010000020000020000024000244000431100 113224 000000000000000000000000020000030000010000520000525000524000244500431100
=== end ===
000000000000000000000000000000000000000000000000000000000000000000000000 131222 000000000000000000000000000000000000000000000000000000000000000000001300
000000000000000000000000000000000000000000000000000000000000000000001300 122214 000000000000000000000000000000000000000000000000000000000000020000011300
000000000000000000000000000000000000000000000000000000000000020000011300 221442 000000000000000000000000000000000000000000000000000000000000220000211300
000000000000000000000000000000000000000000000000000000000000220000211300 144242 000000000000000000000000000000000000000000000000000000040000221000211300
000000000000000000000000000000000000000000000000000000040000221000211300 424233 000000000000000000000000000000000000000000000000200000440000221000211300
000000000000000000000000000000000000000000000000200000440000221000211300 423312 000000000000000000000000000000000000000000020000240000440000221000211300
000000000000000000000000000000000000000000020000240000440000221000211300 331223 000000000000000000000000000000000000000000020000240000440000221300211330
000000000000000000000000000000000000000000020000240000440000221300211330 122321 000000000000000000000000000000000000000000020000240000440100221320211330
000000000000000000000000000000000000000000020000240000440100221320211330 232124 000000000000000000000000000000000000000000020000240000440130221320211332
000000000000000000000000000000000000000000020000240000440130221320211332 212411 000000000000000000000000000000000000000000020000240120440130221320211332
000000000000000000000000000000000000000000020000240120440130221320211332 241113 000000000000000000000000000000000000000000020000240120440134221322211332
000000000000000000000000000000000000000000020000240120440134221322211332 111312 000000000000000000000000000000000000000000020001240121440134221322211332
000000000000000000000000000000000000000000020001240121440134221322211332 131221 000000000000000000000000000000000003000001020001240121440134221322211332
000000000000000000000000000000000003000001020001240121440134221322211332 122134 000000000000000000000000000000000003000001020121240121440134221322211332
000000000000000000000000000000000003000001020121240121440134221322211332 213423 000000000000000000000000000000000003400401220121240121440134221322211332
000000000000000000000000000000000003400401220121240121440134221322211332 342343 000000000000000000000000000000000013400421220121240121443134221322211332
000000000000000000000000000000000013400421220121240121443134221322211332 234321 000000000000000000000000000023000013400421220121240121443134221322211332
000000000000000000000000000023000013400421220121240121443134221322211332 432143 000000000000000000000043000023000013400421220121240121443134221322211332
000000000000000000000043000023000013400421220121240121443134221322211332 214311 000000000002000001000043000023000013400421220121240121443134221322211332
000000000002000001000043000023000013400421220121240121443134221322211332 431121 000000000032000041000043000023000013400421220121240121443134221322211332
000000000032000041000043000023000013400421220121240121443134221322211332 112113 000000000032000041000043000423000113400421220121240121443134221322211332
000000000032000041000043000423000113400421220121240121443134221322211332 211311 000002000032000041000043000423000113400421220121240121443134221322211332
000002000032000041000043000423000113400421220121240121443134221322211332 131122 000052500032500041500543550423530113410421220121240121443134221322211332
000052500032500041500543550423530113410421220121240121443134221322211332 112214 500052500032500041500043550423530113410421220121240121443134221322211332
500052500032500041500043550423530113410421220121240121443134221322211332 221441 500052500032500041500043500423530113410421220121240121443134221322211332
500052500032500041500043500423530113410421220121240121443134221322211332 144111 000052000032500041500043550423530113410421220121240121443134221322211332
=== end ===
000000000000000000000000000000000000000000000000000000000000000000000000 311131 000000000000000000000000000000000000000000000000000000000000003000001000
000000000000000000000000000000000000000000000000000000000000003000001000 113123 000000000000000000000000000000000000000000000000000000000000003000111000
000000000000000000000000000000000000000000000000000000000000003000111000 312331 000000000000000000000000000000000000000000000000000000100000303000111000
000000000000000000000000000000000000000000000000000000100000303000111000 233113 000000000000000000000000000000000000000000000000000000120000333000111000
000000000000000000000000000000000000000000000000000000120000333000111000 311313 000000000000000000000000000000000000000000000000000000120000333000111310
000000000000000000000000000000000000000000000000000000120000333000111310 131341 000000000000000000000000000000000000000000000000000000120000333003111311
000000000000000000000000000000000000000000000000000000120000333003111311 134112 000000000000000000000000000000000000000000000000000000120000333133111311
000000000000000000000000000000000000000000000000000000120000333133111311 411242 000000000000000000000000000000000000000000000000120040120010333133111311
000000000000000000000000000000000000000000000000120040120010333133111311 124244 000000000000000000000000000000000000000000000000122040121010333133111311
000000000000000000000000000000000000000000000000122040121010333133111311 424442 000000000000000000000000000000000000114000244000122044121013333133111311
000000000000000000000000000000000000114000244000122044121013333133111311 444214 000000000000000000000000000000000000114000244024122044121013333133111311
000000000000000000000000000000000000114000244024122044121013333133111311 421422 000000000000000000000000000000000004114002244024122044121013333133111311
000000000000000000000000000000000004114002244024122044121013333133111311 142234 000000000000000000000000004000001004114002244024122044121013333133111311
000000000000000000000000004000001004114002244024122044121013333133111311 223414 000000000000000000000000004000221004114002244024122044121013333133111311
000000000000000000000000004000221004114002244024122044121013333133111311 341443 000000000000000000004000004000221004114002244024122044121313333133111311
000000000000000000004000004000221004114002244024122044121313333133111311 144341 000000000000000000044000014000221004114002244024122044121313333133111311
000000000000000000044000014000221004114002244024122044121313333133111311 434114 000000000000000000044003014004221004114002244024122044121313333133111311
000000000000000000044003014004221004114002244024122044121313333133111311 411412 000000000000000000030003014004221004114002244024122144121313333133111311
000000000000000000030003014004221004114002244024122144121313333133111311 141231 000000200000100000130003214004221004114002244024122144121313333133111311
000000200000100000130003214004221004114002244024122144121313333133111311 123114 200000200000110000130003214004221004114002244024122144121313333133111311
200000200000110000130003214004221004114002244024122144121313333133111311 311424 200000200000110000130003214004221004114302244124122144121313333133111311
200000200000110000130003214004221004114302244124122144121313333133111311 142423 200000200000110000130003214004221404114312244124122144121313333133111311
200000200000110000130003214004221404114312244124122144121313333133111311 242311 200000200000110000130003214404221424114312244124122144121313333133111311
200000200000110000130003214404221424114312244124122144121313333133111311 231141 200000200000110003130003214424221424114312244124122144121313333133111311
200000200000110003130003214424221424114312244124122144121313333133111311 114141 200000200000110103130153214424221424114312244124122144121313333133111311
200000200000110103130153214424221424114312244124122144121313333133111311 414134 200004200005110103130103214424221424114312244124122144121313333133111311
200004200005110103130103214424221424114312244124122144121313333133111311 413414 200004200405110103131103214424221424114312244124122144121313333133111311
200004200405110103131103214424221424114312244124122144121313333133111311 341444 200004200405110103131103214424221424114312244124122144121313333133111311
200004200405110103131103214424221424114312244124122144121313333133111311 144412 000000000000000005500004550124550124550312231124122144121313333133111311
000000000000000005500004550124550124550312231124122144121313333133111311 441211 000000000000000005500004550124550124550312231124122144121313333133111311
=== end ===
000000000000000000000000000000000000000000000000000000000000100000100000 321134 000000000000000000000000000000000000000000000000000000000000130000120000
000000000000000000000000000000000000000000000000000000000000130000120000 113433 000000000000000000000000000000000000000000000000010000010000130000120000
000000000000000000000000000000000000000000000000010000010000130000120000 343322 000000000000000000000000000000000000000000000000010000010000134000123000
000000000000000000000000000000000000000000000000010000010000134000123000 332244 000000000000000000000000000000000000000000000000013000013000134000123000
000000000000000000000000000000000000000000000000013000013000134000123000 224411 000000000000000000000000000000000000000000000000213000213000134000123000
000000000000000000000000000000000000000000000000213000213000134000123000 441141 000000000000000000000000000000000000000000000000213000213000134400123400
000000000000000000000000000000000000000000000000213000213000134400123400 114112 000000000000000000000000000000000000000000000000213000213040134430123411
000000000000000000000000000000000000000000000000213000213040134430123411 411214 000000000000000000000000004030333230142430442441213133213243134431123411
000000000000000000000000004030333230142430442441213133213243134431123411 121434 000000000000001000002000004030333230142430442441213133213243134431123411
000000000000001000002000004030333230142430442441213133213243134431123411 143412 000000000000001000012000044030333230142430442441213133213243134431123411
000000000000001000012000044030333230142430442441213133213243134431123411 341214 000000000000001000012300044430333230142430442441213133213243134431123411
000000000000001000012300044430333230142430442441213133213243134431123411 121413 000000002000011000012300044430333230142430442441213133213243134431123411
000000002000011000012300044430333230142430442441213133213243134431123411 141343 000000004000002000002300044430333230142430442441213133213243134431123411
000000004000002000002300044430333230142430442441213133213243134431123411 134343 000000000000000000000000000000000000000000100001213133213243134431123411
000000000000000000000000000000000000000000100001213133213243134431123411 434314 000000000000000000000000000000000000000030100041213133213243134431123411
000000000000000000000000000000000000000030100041213133213243134431123411 431411 000000000000000000000000000000000000000030103441213133213243134431123411
000000000000000000000000000000000000000030103441213133213243134431123411 141112 000000000000000000000000000000000000001430103441213133213243134431123411
000000000000000000000000000000000000001430103441213133213243134431123411 111213 000000000000000000000000001000001000001430103441213133213243134431123411
000000000000000000000000001000001000001430103441213133213243134431123411 121344 000000000000000000000000001000001000101430123441213133213243134431123411
000000000000000000000000001000001000101430123441213133213243134431123411 134432 000000000000000000000000301000101000101430123441213133213243134431123411
000000000000000000000000301000101000101430123441213133213243134431123411 443213 000000000000004000004000301000101000101430123441213133213243134431123411
000000000000004000004000301000101000101430123441213133213243134431123411 321341 000000000000004000004000301030101020101430123441213133213243134431123411
000000000000004000004000301030101020101430123441213133213243134431123411 134114 000000000000000000000000000000000000000000000000000000000030000120330230
000000000000000000000000000000000000000000000000000000000030000120330230 411414 000000000000000000000000000000000000000000000000000000000030004120331230
000000000000000000000000000000000000000000000000000000000030004120331230 141413 000000000000000000000000000000000000000000000000000000041030344120331230
=== end ===
000000000000000000000000000000000000000000000000000000000000000000000000 334414 000000000000000000000000000000000000000000000000000000000000000000033000
000000000000000000000000000000000000000000000000000000000000000000033000 441411 000000000000000000000000000000000000000000000000000000000000044000033000
000000000000000000000000000000000000000000000000000000000000044000033000 141111 000000000000000000000000000000000000000000000000000000000000044100033400
000000000000000000000000000000000000000000000000000000000000044100033400 111143 000000000000000000000000000000000000000000000000000000000000044100033411
000000000000000000000000000000000000000000000000000000000000044100033411 114324 000000000000000000000000000000000000000000000000000000000000144100133411
000000000000000000000000000000000000000000000000000000000000144100133411 432444 000000000000000000000000000000000000000000000000000000340000144100133411
000000000000000000000000000000000000000000000000000000340000144100133411 244444 000000000000000000000000000000000000000000000000000200340400144100133411
000000000000000000000000000000000000000000000000000200340400144100133411 444434 000000000000000000000000000000000000000000000000000200340404144104133411
000000000000000000000000000000000000000000000000000200340404144104133411 443421 000000000000000000000000000000000000000000000400000200340404144144133411
000000000000000000000000000000000000000000000400000200340404144144133411 342131 000000000000000000000000000000000300000400000400000200340404144144133411
000000000000000000000000000000000300000400000400000200340404144144133411 213144 000000000000000000000200000100000300000400000400000200340404144144133411
000000000000000000000200000100000300000400000400000200340404144144133411 314411 000000000000000000000200000100000300000400000400310200340404144144133411
000000000000000000000200000100000300000400000400310200340404144144133411 441123 000000000000000000000200000100000300000400440400310200340404144144133411
000000000000000000000200000100000300000400440400310200340404144144133411 112324 000000000000000000000200000100000300000400440400311200341404144144133411
000000000000000000000200000100000300000400440400311200341404144144133411 232444 000000000000000000000200000100000300000400440403311202341404144144133411
000000000000000000000200000100000300000400440403311202341404144144133411 244441 000000000000000000000200000100000300004400442403311202341404144144133411
000000000000000000000200000100000300004400442403311202341404144144133411 444142 000000000000000000000000000000000200000100002303311202341404144144133411
000000000000000000000000000000000200000100002303311202341404144144133411 414242 000000000000000000000000000000000200400100302303311202341404144144133411
000000000000000000000000000000000200400100302303311202341404144144133411 424241 000000000000000000000000000000000200440100322303311202341404144144133411
000000000000000000000000000000000200440100322303311202341404144144133411 424112 000000000000000000000000020500540200445105322303311202341454144144133411
000000000000000000000000020500540200445105322303311202341454144144133411 411212 000000000000000000400000120000540200445100322303311202341404144144133411
000000000000000000400000120000540200445100322303311202341404144144133411 121214 000000000000000000000100020500040200445100322303311222341454144144133411
000000000000000000000100020500040200445100322303311222341454144144133411 121443 000000000000000000400000120000540200440100322303311202341404144144133411
000000000000000000400000120000540200440100322303311202341404144144133411 144343 000000000000000000400000120000540200440100322303311202341404144144133411
000000000000000000400000120000540200440100322303311202341404144144133411 434321 000000000000000000000100000500400200123100322303311202341404144144133411
000000000000000000000100000500400200123100322303311202341404144144133411 432112 000000000000000000300000400000400200123100322303311202341404144144133411
000000000000000000300000400000400200123100322303311202341404144144133411 211242 000000000000000000300000400000400000100100300500300200340400144101133411
000000000000000000300000400000400000100100300500300200340400144101133411 124231 000000000000000000300000400000400000100100300500302200341400144101133411
000000000000000000300000400000400000100100300500302200341400144101133411 423142 000000000000000000300000400000400000104100302500302200341400144101133411
000000000000000000300000400000400000104100302500302200341400144101133411 314244 000000000000000000300000400000403000104100302500312200341400144101133411
000000000000000000300000400000403000104100302500312200341400144101133411 424432 000000000000000000300000400000403000124100342500312200341400144101133411
000000000000000000300000400000403000124100342500312200341400144101133411 443214 000000000000400000300000400000443000124100342500312200341400144101133411
000000000000400000300000400000443000124100342500312200341400144101133411 321422 000000000000400000300000432000443000124100342500312200341400144101133411
000000000000400000300000432000443000124100342500312200341400144101133411 142221 000000400000400000330000432000443000124100342500312200341400144101133411
000000400000400000330000432000443000124100342500312200341400144101133411 222141 120000420000420000330000432000443000124100342500312200341400144101133411
120000420000420000330000432000443000124100342500312200341400144101133411 214143 000000000000000000500000500000500000505000555000125000425000425500142102
=== end ===
000000000000000000000000000000000000000000000000000000000000000000000000 443144 000000000000000000000000000000000000000000000000000000000000000000044000
000000000000000000000000000000000000000000000000000000000000000000044000 314433 000000000000000000000000000000000000000000000000000000000000300000444044
000000000000000000000000000000000000000000000000000000000000300000444044 443312 000000000000000000000000000000000000000000000000000000030000320000330200
000000000000000000000000000000000000000000000000000000030000320000330200 331232 000000000000000000000000000000000000000000000000000000000000000000000000
000000000000000000000000000000000000000000000000000000000000000000000000 123241 000000000000000000000000000000000000000000000000000000000050550520550510
000000000000000000000000000000000000000000000000000000000050550520550510 324121 000000000000000000000000000000000000000000000000000000000000000020500010
000000000000000000000000000000000000000000000000000000000000000020500010 412121 000000000000000000000000000000000000000000000004000004000005505025505515
000000000000000000000000000000000000000000000004000004000005505025505515 212113 000000000000000000000000000000000000000000000004000004000005555025555515
000000000000000000000000000000000000000000000004000004000005555025555515 211333 000000000000000000000000000000000000000000000000000000000050505020505010
000000000000000000000000000000000000000000000000000000000050505020505010 133321 000000000000000000000000000000000000000000000000000000000050505020505015
000000000000000000000000000000000000000000000000000000000050505020505015 332112 000000000000000000000000000000000000000000000000000000000000505020505010
000000000000000000000000000000000000000000000000000000000000505020505010 211241 000000000000000000000000000000000000000000000000000000000050555020555515
000000000000000000000000000000000000000000000000000000000050555020555515 124123 000000000000000000000000000000000000000000000000000000000000505020505515
000000000000000000000000000000000000000000000000000000000000505020505515 412342 000000000000000000000000000000000000000000000000400000400050550020555010
000000000000000000000000000000000000000000000000400000400050550020555010 234214 000000000020000010000020000010000020000020000030400050400050500020505510
000000000020000010000020000010000020000020000030400050400050500020505510 421432 000000000000000000000003000004000002000004000004400004400055500025500015
000000000000000000000003000004000002000004000004400004400055500025500015 143241 000020000020000010000020000010000020000020000030400050400050500020500010
000020000020000010000020000010000020000020000030400050400050500020500010 324131 000001000003000003000003000004000002300004200004400004400055500025505015
000001000003000003000003000004000002300004200004400004400055500025505015 413142 000000000000000000000003000004000002300004200004400004400055500025505015
000000000000000000000003000004000002300004200004400004400055500025505015 314224 000000000000000000000000000000000000000000000000000000000000000020500010
000000000000000000000000000000000000000000000000000000000000000020500010 422413 000000000000000000000000100000300000300000200000400000400050500025500515
000000000000000000000000100000300000300000200000400000400050500025500515 241341 000000000000000000000000000000000000000000100000300000300050200025500015
000000000000000000000000000000000000000000100000300000300050200025500015 134143 000001000003000003000003000004300002100004100004300004302055205025505015
000001000003000003000003000004300002100004100004300004302055205025505015 414312 000000000000000000000000000000300000100000104000301000302050205020505010
000000000000000000000000000000300000100000104000301000302050205020505010 431223 000021000023000043300023400014300022100024100034300054300055200025505515
000021000023000043300023400014300022100024100034300054300055200025505515 122313 000000000000000000300000400000300000100000104000301000302050205020555510
000000000000000000300000400000300000100000104000301000302050205020555510 231343 000001000003000403300103400104300402102404104304301204302555205525555515
000001000003000403300103400104300402102404104304301204302555205525555515 134311 000001000003000403300103110101330402132404111304321204322555255525555515
000001000003000403300103110101330402132404111304321204322555255525555515 431113 000000000000000000330000410000330000130000110000320000320050250020555010
000000000000000000330000410000330000130000110000320000320050250020555010 111311 000001100003400003330003410004334002132004114004321004322055255025555015
000001100003400003330003410004334002132004114004321004322055255025555015 131122 100001100003400003300003400004304002102004104004301004302055205025555015
100001100003400003300003400004304002102004104004301004302055205025555015 112231 100000100000400000300000400000300000100000100000300000300000200020500010
100000100000400000300000400000300000100000100000300000300000200020500010 223131 100000100000400000300000402000304000102000104000301000302050205020555010
100000100000400000300000402000304000102000104000301000302050205020555010 313121 100000100000100000405000425000332000132000114500321500322550255351555515
100000100000100000405000425000332000132000114500321500322550255351555515 312134 103000105000105000405000405000302000102000104500301500302555205351505515
=== end ===
000000000000000000000000000000000000000000000000000000000000000000000000 443442 000000000000000000000000000000000000000000000000000000000000000000044000
000000000000000000000000000000000000000000000000000000000000000000044000 344212 000000000000000000000000000000000000000000000000000000000000300000444000
000000000000000000000000000000000000000000000000000000000000300000444000 421211 000000000000000000000000000000000000000000000000000000000000300400444200
000000000000000000000000000000000000000000000000000000000000300400444200 121122 000000000000000000000000000000000000000000000000000000000000300410444220
000000000000000000000000000000000000000000000000000000000000300410444220 112241 000000000000000000000000000000000000000000000000000000000000300411444221
000000000000000000000000000000000000000000000000000000000000300411444221 224113 000000000000000000000000000000000000000000000000000000000000322411444221
000000000000000000000000000000000000000000000000000000000000322411444221 411331 000000000000500004500002400052200033300031314044114142332424322411444221
000000000000500004500002400052200033300031314044114142332424322411444221 133133 000000000000000000000000000000000000000000000005000004000002000002500001
000000000000000000000000000000000000000000000005000004000002000002500001 313334 000000000000000000000000000000000000000000000000000004000002000002500311
000000000000000000000000000000000000000000000000000004000002000002500311 333423 000000000000000000000000000000000000000000000000000004000002003002503311
=== end ===
000000000000000000000000000000000000000000000000000000000000000000033000 443133 000000000000000000000000000000000000000000000000000000000000044000033000
000000000000000000000000000000000000000000000000000000000000044000033000 313311 000000000000000000001000021002022002441002421004112344332432444322133233
000000000000000000001000021002022002441002421004112344332432444322133233 331132 000000000000000000000000000002000002000002020004112344332432444322133233
000000000000000000000000000002000002000002020004112344332432444322133233 113232 000000000000000000000000000002000002001002021004112344332432444322133233
000000000000000000000000000002000002001002021004112344332432444322133233 323211 000000000000000000000000000002002002001002021304112344332432444322133233
=== end ===
000000000000000000000000000000000000000000000000000000000000000000000000 111322 000000000000000000000000000000000000000000000000000000000000333000111000
000000000000000000000000000000000000000000000000000000000000333000111000 132214 000000000000000000000000000000000000000000000000000000000000333200111300
000000000000000000000000000000000000000000000000000000000000333200111300 221411 000000000000000000000000000000000000000000000000000000000000333200111322
000000000000000000000000000000000000000000000000000000000000333200111322 141111 000000000000000000000000000000000000000000000000000000004300333211111322
000000000000000000000000000000000000000000000000000000004300333211111322 111142 000000000000000000000000000000000000000000000000100040104320333211111322
000000000000000000000000000000000000000000000000100040104320333211111322 114212 000000000000000000000000000000000000000000000200100240104320333211111322
000000000000000000000000000000000000000000000200100240104320333211111322 421211 000000000000000000000000000000000000000040000220100240104320333211111322
000000000000000000000000000000000000000040000220100240104320333211111322 121123 000000000000000000000000000000000000000040000220100242104321333211111322
000000000000000000000000000000000000000040000220100242104321333211111322 112333 000000000000000000000000000000000000000040001220101242104321333211111322
000000000000000000000000000000000000000040001220101242104321333211111322 233331 000000000000000000000000000000000200000340001220101242104321333211111322
000000000000000000000000000000000200000340001220101242104321333211111322 333123 000000000000000000000000000000003200003340001220101242104321333211111322
000000000000000000000000000000003200003340001220101242104321333211111322 312342 000000000000000000000000000300003210003340001220101242104321333211111322
000000000000000000000000000300003210003340001220101242104321333211111322 234223 000000000000000200000300000300003210003340001220101242104321333211111322
000000000000000200000300000300003210003340001220101242104321333211111322 422311 000000000000000200000300000300003210003342001224101242104321333211111322
000000000000000200000300000300003210003342001224101242104321333211111322 231112 000000000000000000000000000000000000000012001044101042104321333211111322
000000000000000000000000000000000000000012001044101042104321333211111322 111242 000000000000000000000000000000000010000012001044101142104321333211111322
000000000000000000000000000000000010000012001044101142104321333211111322 124234 000000000000000000000000000010000012000012001044101142104321333211111322
000000000000000000000000000010000012000012001044101142104321333211111322 423442 000000000000000000000000000000000000000002000002100202104321333211111322
000000000000000000000000000000000000000002000002100202104321333211111322 344212 000000000000000000000000000000000000000002003202103202144321333211111322
000000000000000000000000000000000000000002003202103202144321333211111322 421221 000000000000000000000000000000000000000202003202103242144321333211111322
000000000000000000000000000000000000000202003202103242144321333211111322 122142 000000000000000000000000000000000000000202023202113242144321333211111322
000000000000000000000000000000000000000202023202113242144321333211111322 214211 000000000000000000000000000000010000020202023202113242144321333211111322
000000000000000000000000000000010000020202023202113242144321333211111322 421114 000000000000000000000000000000010000220202423202113242144321333211111322
000000000000000000000000000000010000220202423202113242144321333211111322 111411 000000040000030000030000010000010000220202423202113242144321333211111322
000000040000030000030000010000010000220202423202113242144321333211111322 141143 000000000000000000000000000000000000000002000002000042000321333211111322
000000000000000000000000000000000000000002000002000042000321333211111322 114341 000000000000000000000000000000000000000002000002001042001321333211111322
000000000000000000000000000000000000000002000002001042001321333211111322 434111 000000000000000000000000000000000000000032000042001042001321333211111322
000000000000000000000000000000000000000032000042001042001321333211111322 411122 000000000000000000000000000000000000000032000142001442001321333211111322
000000000000000000000000000000000000000032000142001442001321333211111322 112244 000000000000000000000000000000000030000132000142001442001321333211111322
000000000000000000000000000000000030000132000142001442001321333211111322 224411 000000000000000000000020000020000030000132000142001442001321333211111322
000000000000000000000020000020000030000132000142001442001321333211111322 441121 000000000000000000000020000024000034000132000142001442001321333211111322
000000000000000000000020000024000034000132000142001442001321333211111322 112132 000000000000000000000020000024000034000132000142101442101321333211111322
000000000000000000000020000024000034000132000142101442101321333211111322 213223 000000000000000000000020000024000034000132100142101442121321333211111322
000000000000000000000020000024000034000132100142101442121321333211111322 322323 000000000000000020000020000024000334000132100142101442121321333211111322
=== end ===
000000000000000000000000000000000000000000000000000000000000000000000000 333111 000000000000000000000000000000000000000000000000000000000000000000033000
000000000000000000000000000000000000000000000000000000000000000000033000 311112 000000000000000000000000000000000000000000000000000000000000100000333000
000000000000000000000000000000000000000000000000000000000000100000333000 111214 000000000000000000000000000000000000000000000000000000040000110000333000
000000000000000000000000000000000000000000000000000000040000110000333000 121411 000000000000000000000000000000000000000000020000141000443000111040333420
000000000000000000000000000000000000000000020000141000443000111040333420 141143 000000000000000000000000000000000300333100421300141100443420111344333421
000000000000000000000000000000000300333100421300141100443420111344333421 114313 000000000000000000000000000000000000000000420000140020443424111344333421
=== end ===
000000000000000000000000000000000000000000000000000000000000000000000000 414311 000000000000000000000000000000000000000000000000000000000000000000004100
000000000000000000000000000000000000000000000000000000000000000000004100 431113 000000000000000000000000000000000000000000000000000000000000030000044100
000000000000000000000000000000000000000000000000000000000000030000044100 111314 000000000000000000000000000000000000000000000000000000001000333000144100
000000000000000000000000000000000000000000000000000000001000333000144100 131441 000000000000000000000000000000000000110000330000310000441300333204144102
000000000000000000000000000000000000110000330000310000441300333204144102 144141 000000000000000000000000000000000000110000330000314100441300333204144102
000000000000000000000000000000000000110000330000314100441300333204144102 414122 000000000000000000000000000000000000110000334100314100441300333204144102
000000000000000000000000000000000000110000334100314100441300333204144102 412241 000000000000000000000000000000000100110400334100314100441300333204144102
000000000000000000000000000000000100110400334100314100441300333204144102 224123 000000000000000000000000000200000100110400334100314100441300333204144122
000000000000000000000000000200000100110400334100314100441300333204144122 412331 000000000000000000000000000200000100110400334100314101441304333204144122
000000000000000000000000000200000100110400334100314101441304333204144122 233144 000000000000000000000000020200030100110400334100314101441304333204144122
000000000000000000000000020200030100110400334100314101441304333204144122 314414 000000000000000000030000020200030100113400334104314101441304333244144122
000000000000000000030000020200030100113400334104314101441304333244144122 441432 000000000000000200030200021200034100113400334104314101441304333244144122
000000000000000200030200021200034100113400334104314101441304333244144122 143213 000000000000000000000000020000020000033000121200134200313200334104114401
000000000000000000000000020000020000033000121200134200313200334104114401 321312 000000040000030000030000020000020000333000121200134200313200334124114411
000000040000030000030000020000020000333000121200134200313200334124114411 131223 000000000000000000000000000000000000040000121200134200313200334124114411
000000000000000000000000000000000000040000121200134200313200334124114411 122311 000000000000000000000000000000000000042300121200134200313200334124114411
000000000000000000000000000000000000042300121200134200313200334124114411 231133 000000000000000000033000413000412300142300121200134200313200334124114411
000000000000000000033000413000412300142300121200134200313200334124114411 113313 000000000000000000000000000000000000000000000000000000000000000000000000
=== end ===
000000000000000000000000000000000000000000000000000000000000000000000000 412231 000000000000000000000000000000000000000000500000500500505500505502505551
000000000000000000000000000000000000000000500000500500505500505502505551 223121 000000000000000000500000500000200000200000500005500005505005505002555001
000000000000000000500000500000200000200000500005500005505005505002555001 312113 000000300000100000500000500000200000205000505005505005505005505002505001
000000300000100000500000500000200000205000505005505005505005505002505001 211341 000000000000000000000000000000300000100000500000500000500005550002550001
000000000000000000000000000000300000100000500000500000500005550002550001 134111 000000000000000000000000000000300000100000500000500000500000500002550001
000000000000000000000000000000300000100000500000500000500000500002550001 411111 000000000000000000000000000000300000100000500000500000550005550002550001
000000000000000000000000000000300000100000500000500000550005550002550001 111112 000000000000000000100000100000300000100000500000500000505005555002555001
000000000000000000100000100000300000100000500000500000505005555002555001 111231 000000000000000000100000100000300000100000500000500000505005505002505001
000000000000000000100000100000300000100000500000500000505005505002505001 123112 000000000000000000100000100000300000100000500000500000500005500002500501
000000000000000000100000100000300000100000500000500000500005500002500501 311243 000000300000100000100000100000300000100000500000500000500000500002500001
000000300000100000100000100000300000100000500000500000500000500002500001 124314 000000000000000000000000000000000000102000502000505000505000505002505001
000000000000000000000000000000000000102000502000505000505000505002505001 431431 000000000000100000100000100000300000100000500000500000500005500002500001
000000000000100000100000100000300000100000500000500000500005500002500001 143124 000000300000100000100000100000300000100000500000500000500005505002505001
000000300000100000100000100000300000100000500000500000500005505002505001 312413 000000000000000000000000000000000000000000000000000000000005500002500001
000000000000000000000000000000000000000000000000000000000005500002500001 241323 000000000000000000000000000000000000000000000000000000000005500002500001
000000000000000000000000000000000000000000000000000000000005500002500001 132341 000000000000100000100000100000300000100000500000500000500000500002500051
000000000000100000100000100000300000100000500000500000500000500002500051 234113 000000300000100000100000100000300000100000500000500000500005500002505051
000000300000100000100000100000300000100000500000500000500005500002505051 411331 400000300000100000100000100000300000100000500000500000500005550002550051
=== end ===
000000000000000000000000000000000000000000000000000000000000000000000000 242144 000000000000000000000000000000000000000000000000000000000000000000002400
000000000000000000000000000000000000000000000000000000000000000000002400 214422 000000000000000000000000000000000000000000000000000000000000010000022400
000000000000000000000000000000000000000000000000000000000000010000022400 442231 000000000000000000000000000000000000000000000000000000000000010000022444
000000000000000000000000000000000000000000000000000000000000010000022444 223131 000000000000000000000000000000000000000000000000000000000000010220022444
000000000000000000000000000000000000000000000000000000000000010220022444 313121 000000000000000000000000000000000000000000000000000000000000310220122444
000000000000000000000000000000000000000000000000000000000000310220122444 312112 000000000000000000000000000000000000000000000000100000300000310220122444
000000000000000000000000000000000000000000000000100000300000310220122444 211212 000000000000000000000000000000000000000000000000100000302141311222122444
000000000000000000000000000000000000000000000000100000302141311222122444 121224 000000000000000000000000000000000000000000120000120000332141311222122444
000000000000000000000000000000000000000000120000120000332141311222122444 122442 000000000000000000000000000000200000200000120000120000332141311222122444
000000000000000000000000000000200000200000120000120000332141311222122444 244223 000000000000000000000000000000000000000000100000104000332141311222122444
000000000000000000000000000000000000000000100000104000332141311222122444 422341 000000000000000000000000000000000000000000100200104400332141311222122444
000000000000000000000000000000000000000000100200104400332141311222122444 234114 000000000000000000000000000000000000000300102200104400332141311222122444
000000000000000000000000000000000000000300102200104400332141311222122444 411414 000000000000000000000000000000000000000300102240104410332141311222122444
000000000000000000000000000000000000000300102240104410332141311222122444 141433 000000000000000000000000000000000000000300102244104411332141311222122444
000000000000000000000000000000000000000300102244104411332141311222122444 143323 000000000000000000000000000000003410003341122244144411332141311222122444
000000000000000000000000000000003410003341122244144411332141311222122444 332321 000000000000000300002300002302003411043341122244144411332141311222122444
000000000000000300002300002302003411043341122244144411332141311222122444 232144 000000000000000302002302002302003411043341122244144411332141311222122444
000000000000000302002302002302003411043341122244144411332141311222122444 214423 000002000001000302002302002302003411043341122244144411332141311222122444
000002000001000302002302002302003411043341122244144411332141311222122444 442323 000002004001004302002302002302003411043341122244144411332141311222122444
000002004001004302002302002302003411043341122244144411332141311222122444 232311 000000000000000000000000000000000000000000100000100300332300311302122101
000000000000000000000000000000000000000000100000100300332300311302122101 231112 000000000000000000000000000000000000300000100000120300332300311302122101
000000000000000000000000000000000000300000100000120300332300311302122101 111244 000000000000000000000000000000100000300000110000120300332300311302122101
000000000000000000000000000000100000300000110000120300332300311302122101 124443 000000000000000000000000000000100000300000110000120300332300311322122111
000000000000000000000000000000100000300000110000120300332300311322122111 444341 000000000000000000000000000000100000300400110400120300332300311322122111
000000000000000000000000000000100000300400110400120300332300311322122111 434131 000000000000000000000000000000100000300400113400124300332300311322122111
000000000000000000000000000000100000300400113400124300332300311322122111 413114 000000000000000000000000003000101000304000113000124000332000311022122111
000000000000000000000000003000101000304000113000124000332000311022122111 311443 000000000000000000000300003200101100304400113400124300332300311322122111
000000000000000000000300003200101100304400113400124300332300311322122111 144344 000000000000000000000000000000000000000000505005505005505005505305403222
000000000000000000000000000000000000000000505005505005505005505305403222 434432 000000000000000000000000000000000000000000500000500000500550500350403222
=== end ===
