000000000000000000000000000000000000000000000000000000000000000000000000 211411 000000000000000000000000000000000000000000000000000000000000112000444000
000000000000000000000000000000000000000000000000000000000000112000444000 141143 000000000000000000000000000000000000000000000000000000042000112001444001
000000000000000000000000000000000000000000000000000000042000112001444001 114311 000000000000000000000000000000000000000000000000000004042003112401444201
000000000000000000000000000000000000000000000000000004042003112401444201 431122 000000000000000000000000000000000000000000001000301004142103112401444221
000000000000000000000000000000000000000000001000301004142103112401444221 112232 000000000000000000000000000000000000000000021000331004142103112401444221
000000000000000000000000000000000000000000021000331004142103112401444221 223233 000000000000000000000000000000000000022000021000331004142113112441444221
000000000000000000000000000000000000022000021000331004142113112441444221 323321 000000000000000000000000000000000000022002021003331004142113112441444221
000000000000000000000000000000000000022002021003331004142113112441444221 332142 000000000000000000000000000000030000022002321003331004142113112441444221
000000000000000000000000000000030000022002321003331004142113112441444221 214221 000000000000000000000000000000030000022002321103331204142113112441444221
000000000000000000000000000000030000022002321103331204142113112441444221 422134 000000000000000000000000000000030000022002321123331244142113112441444221
000000000000000000000000000000030000022002321123331244142113112441444221 213413 000000000000000000030000030002430014422022321123331244142113112441444221
000000000000000000030000030002430014422022321123331244142113112441444221 341311 000000000003000023030032030012430014422022321123331244142113112441444221
000000000003000023030032030012430014422022321123331244142113112441444221 131141 000000000000000000000000000000140000420014410333420244142113112441444221
000000000000000000000000000000140000420014410333420244142113112441444221 114122 000000000040000030000040000331140144420114412333423244142113112441444221
000000000040000030000040000331140144420114412333423244142113112441444221 412211 000000000040000030000240220331140144422114412333423244142113112441444221
000000000040000030000240220331140144422114412333423244142113112441444221 221121 000000000000000000000000000055000045000035540045510031515113525441413221
=== end ===
000000000000000000000000000000000000000000000000000000000000000000000000 444324 000000000000000000000000000000000000000000000000000000000000000000044000
000000000000000000000000000000000000000000000000000000000000000000044000 432411 000000000000000000000000000000000000000000000000000000000000300000444000
000000000000000000000000000000000000000000000000000000000000300000444000 241144 000000000000000000000000000000000000000000000000000000000000300400444200
000000000000000000000000000000000000000000000000000000000000300400444200 114441 000000000000000000000000000000000000000000000000400000400200303400444211
000000000000000000000000000000000000000000000000400000400200303400444211 444132 000000000000000000000000000000000000100000400000400200414200333400444211
000000000000000000000000000000000000100000400000400200414200333400444211 413234 000000000000000000000000000000000000100000400000400200414210333420444211
000000000000000000000000000000000000100000400000400200414210333420444211 323411 000000000000000000000000000000000000100000400000400230414210333422444211
000000000000000000000000000000000000100000400000400230414210333422444211 341133 000000000000500010505020555030555040111045433232434233414214333422444211
000000000000500010505020555030555040111045433232434233414214333422444211 113324 000000000000500010500020500030500040111040433232434233414214333422444211
000000000000500010500020500030500040111040433232434233414214333422444211 332442 000000000000000010000020000030000040111040433232434233414214333422444211
000000000000000010000020000030000040111040433232434233414214333422444211 244244 000000000000500010500020500030550040111540433232434233414214333422444211
=== end ===
000000000000000000000000000000000000000000000000000000000000000000000000 413343 000000000000000000000000000000000000000000000000000000000000040000010000
000000000000000000000000000000000000000000000000000000000000040000010000 334331 000000000000000000000000000000000000000000000000030000030000040000014300
000000000000000000000000000000000000000000000000030000030000040000014300 433111 000000000000000000000000000000000000000000000000030000030000340012314331
000000000000000000000000000000000000000000000000030000030000340012314331 311143 000000000000000000000000000000000000000000000301031331031422344312314331
000000000000000000000000000000000000000000000301031331031422344312314331 114324 000000000000000000000000000000000300040401020321131331131422344312314331
000000000000000000000000000000000300040401020321131331131422344312314331 432433 000000000000000000000000000300000300040401022321131331131422344312314331
000000000000000000000000000300000300040401022321131331131422344312314331 243332 000000000000000000000000000300000300440401222321131331131422344312314331
000000000000000000000000000300000300440401222321131331131422344312314331 333231 000000000000000000000000000300330300440401222321131331131422344312314331
000000000000000000000000000300330300440401222321131331131422344312314331 323132 000000000000000000000000230300330300440401222321131331131422344312314331
000000000000000000000000230300330300440401222321131331131422344312314331 313241 000000000000000000000000000000000000000001000321131331131422344312314331
000000000000000000000000000000000000000001000321131331131422344312314331 324114 000000000000000000000000000000000000000000000000131000131400344300314330
000000000000000000000000000000000000000000000000131000131400344300314330 411413 000000000000000000000000000000000000000000000000131100131400344344314334
000000000000000000000000000000000000000000000000131100131400344344314334 141322 000000000000000000000000000000000000000000034001131102131432344344314334
000000000000000000000000000000000000000000034001131102131432344344314334 132231 000000000000000000000000000000000004050002534001131102131432344344314334
000000000000000000000000000000000004050002534001131102131432344344314334 223113 000000000000000000000000000002000004000002034001031122031432044344014334
000000000000000000000000000002000004000002034001031122031432044344014334 311311 000000000000000000000000000002000004000002000001000022000032000344010334
000000000000000000000000000002000004000002000001000022000032000344010334 131133 000000000000000000000000000002000004000002000001100022110032331344311334
=== end ===
000000000000000000000000000000000000000000000000000000000000000000000000 421411 000000000000000000000000000000000000000000000000000000000000000000004200
000000000000000000000000000000000000000000000000000000000000000000004200 141113 000000000000000000000000000000000000000000000000000000000000010000044200
000000000000000000000000000000000000000000000000000000000000010000044200 111332 000000000000000000000000000000000000000000000000000000040100111304444203
000000000000000000000000000000000000000000000000000000040100111304444203 133213 000000000000000000000000000000000000000000000000001000042100111334444223
000000000000000000000000000000000000000000000000001000042100111334444223 321312 000000000000000000000000000000000000000000001000001320042140111334444223
000000000000000000000000000000000000000000001000001320042140111334444223 131212 000000000000000000000000000000000000000000001320001320042140111334444223
000000000000000000000000000000000000000000001320001320042140111334444223 121221 000000000000000000000000000000000000000000011320021320042140111334444223
000000000000000000000000000000000000000000011320021320042140111334444223 122114 000000000000000000000000000000000000000000011320121320242140111334444223
000000000000000000000000000000000000000000011320121320242140111334444223 211421 000000000000000000000000000000001000002000011320121320242140111334444223
000000000000000000000000000000001000002000011320121320242140111334444223 142114 000000000000000000000000000000001000002010011320121320242144111334444223
000000000000000000000000000000001000002010011320121320242144111334444223 211414 000000000000000000000000000000001020002110011320121320242144111334444223
000000000000000000000000000000001020002110011320121320242144111334444223 141424 000000000000000000000000000000000050000320555320522320242144111334444223
000000000000000000000000000000000050000320555320522320242144111334444223 142422 000000000000000000005000004000054000555320555320522320242144111334444223
000000000000000000005000004000054000555320555320522320242144111334444223 242221 000000000000000000000000000000000500000320505325522325242144111334444223
000000000000000000000000000000000500000320505325522325242144111334444223 222133 000000000000000000000000000000000055000325555325522325242144111334444223
000000000000000000000000000000000055000325555325522325242144111334444223 213323 000000000000000000000000000500000500000320505325522325242144111334444223
000000000000000000000000000500000500000320505325522325242144111334444223 332334 000000000000000000000000000000000000000320505320522320242144111334444223
000000000000000000000000000000000000000320505320522320242144111334444223 233411 000000000000000000000000000000000000000320500320522320242144111334444223
000000000000000000000000000000000000000320500320522320242144111334444223 341132 000000000000000000000000004000004500005320505320522320242144111334444223
000000000000000000000000004000004500005320505320522320242144111334444223 113213 000000000000000000000000004000004000005320505320522320242144111334444223
000000000000000000000000004000004000005320505320522320242144111334444223 321321 000000000000000000000000000000000000000300000400000400240144111334444223
000000000000000000000000000000000000000300000400000400240144111334444223 132113 000000000000000000000000000400000300000300000400000400240144111334444223
000000000000000000000000000400000300000300000400000400240144111334444223 211312 000000000000000000000000000400000300000300000400000400240144111334444223
=== end ===
000000000000000000000000000000000000000000000000000000000000010000020000 333341 000000000000000000000000000000000000000000000000000000000000310000320000
000000000000000000000000000000000000000000000000000000000000310000320000 334143 000000000000000000000000000000000000000000000000030000030000310000320000
000000000000000000000000000000000000000000000000030000030000310000320000 414324 000000000000000000000000000000000000000000000000030000030000310000321400
000000000000000000000000000000000000000000000000030000030000310000321400 432411 000000000000000000000000000000000000000000000000030000030000310030321440
000000000000000000000000000000000000000000000000030000030000310030321440 241144 000000000000000000000000000000000000040000020000030000030000310030321440
000000000000000000000000000000000000040000020000030000030000310030321440 114423 000000000000000000000000000000000000000000000010234120232140311233321444
000000000000000000000000000000000000000000000010234120232140311233321444 442311 000000000000000000000000000000000000000000000000000000000000000000044400
=== end ===
000000000000000000000000000000000000000000000000000000000000003000002000 222341 000000000000000000000000000000000000000000000000000000000000003000222000
000000000000000000000000000000000000000000000000000000000000003000222000 234112 000000000000000000000000000000000000000000000000000000200000303000222000
000000000000000000000000000000000000000000000000000000200000303000222000 411222 000000000000000000000000000000000000000000000000000000200000303400222100
000000000000000000000000000000000000000000000000000000200000303400222100 122233 000000000000000000000000000000000000000000000000000000200000303402222101
000000000000000000000000000000000000000000000000000000200000303402222101 223312 000000000000000000000000000000000000000000200000200000200000303402222101
000000000000000000000000000000000000000000200000200000200000303402222101 331242 000000000000000000000000000000000000000000200000200300200300303402222101
000000000000000000000000000000000000000000200000200300200300303402222101 124223 000000000000000000000000000000000000000000200000200300200300303422222111
000000000000000000000000000000000000000000200000200300200300303422222111 422333 000000000000000000000000000000000000000000200000200304200302303422222111
000000000000000000000000000000000000000000200000200304200302303422222111 233332 000000000000000000000000000000000000000000200000200304202302333422222111
000000000000000000000000000000000000000000200000200304202302333422222111 333234 000000000000000000000000000000300000300000200000200304202302333422222111
000000000000000000000000000000300000300000200000200304202302333422222111 323411 000000000000000000000000000000300000300000203000202304202302333422222111
000000000000000000000000000000300000300000203000202304202302333422222111 341124 000000000000000000000000000000300000300003203004202304202302333422222111
000000000000000000000000000000300000300003203004202304202302333422222111 112424 000000000000000000000000000000300000300003203004202314202312333422222111
000000000000000000000000000000300000300003203004202314202312333422222111 242433 000000000000000000000002000002300004300003203044202314202312333422222111
000000000000000000000002000002300004300003203044202314202312333422222111 243314 000000000000000000000002000002000004000003000044000014000012400422222111
000000000000000000000002000002000004000003000044000014000012400422222111 331424 000000000000000000000002000002000004000003000044000014000012433422222111
000000000000000000000002000002000004000003000044000014000012433422222111 142433 000000000000000000000002000002000004000003000044100014400012433422222111
000000000000000000000002000002000004000003000044100014400012433422222111 243333 000000000000000000000002000002000004000003000044140014420012433422222111
000000000000000000000002000002000004000003000044140014420012433422222111 333331 000000000000000000000002000002000004000003000044140314420312433422222111
000000000000000000000002000002000004000003000044140314420312433422222111 333111 000000000000000000000002000002000034000033500044140314425312433422222111
000000000000000000000002000002000034000033500044140314425312433422222111 311133 000000000000000000000032000012000034000033500044140314420312433422222111
000000000000000000000032000012000034000033500044140314420312433422222111 113312 000000000000000000000032000012000034000033500044140314420312433422222111
000000000000000000000032000012000034000033500044140314420312433422222111 331224 000000000000000000000032000012000034000033500044140314420312433422222111
000000000000000000000032000012000034000033500044140314420312433422222111 122423 000000000000000000000032000012000034100033520044140314425312433422222111
000000000000000000000032000012000034100033520044140314425312433422222111 242313 000000000000000000000332000312000134100133522544144314425312433422222111
000000000000000000000332000312000134100133522544144314425312433422222111 231344 000000000000000000000032000012030034120033522044144314425312433422222111
000000000000000000000032000012030034120033522044144314425312433422222111 134424 000000000000000000000332030312030134121133522544144314425312433422222111
000000000000000000000332030312030134121133522544144314425312433422222111 442434 000000000000000000000032430012430034120033520044140314420312433422222111
000000000000000000000032430012430034120033520044140314420312433422222111 243423 000000000000000000420032430012430034120033520044140314420312433422222111
000000000000000000420032430012430034120033520044140314420312433422222111 342324 000000000000040000420032430012430034120033520044140314420312433422222111
000000000000040000420032430012430034120033520044140314420312433422222111 232422 000000000000040000020032030012030034020033020044140314420312433422222111
000000000000040000020032030012030034020033020044140314420312433422222111 242243 200000340000240000420032430012433034121033522044144314425312433422222111
200000340000240000420032430012433034121033522044144314425312433422222111 224322 220000340000240000420032430012433034121033522044144314425312433422222111
220000340000240000420032430012433034121033522044144314425312433422222111 432221 000000000000000000000002200012300034220133120144140314420312433422222111
000000000000000000000002200012300034220133120144140314420312433422222111 222131 000000000000000005000002220012352534224133121144144314425312433422222111
000000000000000005000002220012352534224133121144144314425312433422222111 213131 000000000000000005000102220212352534224133121144144314425312433422222111
000000000000000005000102220212352534224133121144144314425312433422222111 313122 000000000000000030000012220012352034224133121144144314425312433422222111
000000000000000030000012220012352034224133121144144314425312433422222111 312232 000010000030000035000012200012302034224133121144144314425312433422222111
000010000030000035000012200012302034224133121144144314425312433422222111 223232 000010000030000035000012500012350034225033124544144314425312433422222111
000010000030000035000012500012350034225033124544144314425312433422222111 323241 000010000030000035000012500012350034220033124544144314425312433422222111
000010000030000035000012500012350034220033124544144314425312433422222111 324111 000010000030000035000012500012350034220033124544144314425312433422222111
000010000030000035000012500012350034220033124544144314425312433422222111 411124 000010000030100035400012500012300034220033120544140314420312433422222111
000010000030100035400012500012300034220033120544140314420312433422222111 112432 000010000030000035000012002012302034225033124544144314425312433422222111
000010000030000035000012002012302034225033124544144314425312433422222111 243211 100010100030100035400012500012300034220033124044144314425312433422222111
100010100030100035400012500012300034220033124044144314425312433422222111 321141 120010130030130035430012550012350034220033124044144314425312433422222111
120010130030130035430012550012350034220033124044144314425312433422222111 114133 000010000030000030000012000012300134220133120544140314420312433422222111
000010000030000030000012000012300134220133120544140314420312433422222111 413322 000000000000000000000000100000100000100000400000131000143400431100434400
000000000000000000000000100000100000100000400000131000143400431100434400 332212 000000000000000000000000100000100000100000400000131000143400431110434420
=== end ===
000000000000000000000000000000000000000000000000000000000000002000003000 344421 000000000000000000000000000000000000000000000000000000000000042000033000
000000000000000000000000000000000000000000000000000000000000042000033000 442122 000000000000000000000000000000000000000000000000000000000000442000433000
000000000000000000000000000000000000000000000000000000000000442000433000 212223 000000000000000000000000000000000000000000000000000000000000442010433020
000000000000000000000000000000000000000000000000000000000000442010433020 222314 000000000000000000000000000000000000000000000000000000002000442010433220
000000000000000000000000000000000000000000000000000000002000442010433220 231412 000000000000000000000000000000000000000000000000000000232000442010433220
000000000000000000000000000000000000000000000000000000232000442010433220 141213 000000000000000000000000000000000000000000000000000000232400442112433221
000000000000000000000000000000000000000000000000000000232400442112433221 121332 000000000000000000000000000000000000000000010000020000232400442112433221
000000000000000000000000000000000000000000010000020000232400442112433221 133234 000000000000000000000000000000000000000000000000000000202410442112433221
000000000000000000000000000000000000000000000000000000202410442112433221 323424 000000000000000000200000400000400000330000340000220000232414442112433221
000000000000000000200000400000400000330000340000220000232414442112433221 342413 000000400000200000200000400000400000330000340000220000232414442112433220
000000400000200000200000400000400000330000340000220000232414442112433220 241344 300000400000200000200000420000440000330000345005225505232414442112433221
300000400000200000200000420000440000330000345005225505232414442112433221 134412 000000400000200000200000400000400000300000300000200000202414442112433221
000000400000200000200000400000400000300000300000200000202414442112433221 441243 300000400000200000200000420000440000330000340000220000232414442112433221
300000400000200000200000420000440000330000340000220000232414442112433221 124313 000000400000200000200000420000440000330000340000220000232414442112433221
000000400000200000200000420000440000330000340000220000232414442112433221 431331 300000400000200000200000420000440000330000340000220000232414442112433221
300000400000200000200000420000440000330000340000220000232414442112433221 133123 300000400000200000200000420000440000330000340000220000232414442112433221
300000400000200000200000420000440000330000340000220000232414442112433221 312332 300000400000200000200000420000440000330000340000220000232414442112433221
300000400000200000200000420000440000330000340000220000232414442112433221 233211 300000400000200000200000420000440000330000340000220000232414442112433221
300000400000200000200000420000440000330000340000220000232414442112433221 321111 300000400000200000200000420000440000330000340000225005232414442112433221
300000400000200000200000420000440000330000340000225005232414442112433221 111132 300000400000200000200000420000440000330000340000225000232414442112433221
300000400000200000200000420000440000330000340000225000232414442112433221 113221 000000400000200000203000403000403000302000305000205000202414442112433221
000000400000200000203000403000403000302000305000205000202414442112433221 322112 300000400000200000200000420000440000330000340000220000232414442112433221
300000400000200000200000420000440000330000340000220000232414442112433221 211231 300000400000200000200000420000440000330000340000220000232414442112433221
300000400000200000200000420000440000330000340000220000232414442112433221 123114 300000400000200000200000420000440000330000340000220005232414442112433221
300000400000200000200000420000440000330000340000220005232414442112433221 311423 300000400000200000200000420000440000330000340000225000232414442112433221
300000400000200000200000420000440000330000340000225000232414442112433221 142334 300000400000200000200000420000440000330000340000220000232414442112433221
300000400000200000200000420000440000330000340000220000232414442112433221 233413 300000400000200000200000420000440000332100343500225550232414442112433221
300000400000200000200000420000440000332100343500225550232414442112433221 341322 300000400000200000200000420000440000332000343000225000232414442112433221
300000400000200000200000420000440000332000343000225000232414442112433221 132232 300000400000200000200000420000440000332030343013225055232414442112433221
300000400000200000200000420000440000332030343013225055232414442112433221 223223 300000400000200000200000420000440000330030340013220055232414442112433221
300000400000200000200000420000440000330030340013220055232414442112433221 322331 300000400000200000200000420000440000332003343003225005232414442112433221
300000400000200000200000420000440000332003343003225005232414442112433221 233141 300000400000200000200000420000440000330003340003220005232414442112433221
300000400000200000200000420000440000330003340003220005232414442112433221 314143 300000400000200500200400422100443300332203343203225505232414442112433221
300000400000200500200400422100443300332203343203225505232414442112433221 414322 300000400000200000200040420010440020330030340010220050232414442112433221
300000400000200000200040420010440020330030340010220050232414442112433221 432213 300000400000200000200040420010440020330030340010220050232414442112433221
300000400000200000200040420010440020330030340010220050232414442112433221 221341 300000400000200000200000400000440000330000340000220000232414442112433221
300000400000200000200000400000440000330000340000220000232414442112433221 134122 300000400000200000200040431010443020332030343010225050232414442112433221
300000400000200000200040431010443020332030343010225050232414442112433221 412233 300000400000200010200040430010440020330030340010220050232414442112433221
300000400000200010200040430010440020330030340010220050232414442112433221 223344 300500400400202200202400431100443300332200343200225500232414442112433221
300500400400202200202400431100443300332200343200225500232414442112433221 334442 300000400000230000230000430000440000330003340003220005232414442112433221
300000400000230000230000430000440000330003340003220005232414442112433221 444222 340000440000230000230000430000440000330003340003220005232414442112433221
340000440000230000230000430000440000330003340003220005232414442112433221 422221 100000300000230000230000431000443000332003343003225005232414442112433221
100000300000230000230000431000443000332003343003225005232414442112433221 222143 100000300000232015232044431013443025332033343013225055232414442112433221
100000300000232015232044431013443025332033343013225055232414442112433221 214322 100000300000230205230404430103440305330203340203220505232414442112433221
100000300000230205230404430103440305330203340203220505232414442112433221 432224 500000100000200000200000400000440000330000340000220000232414442112433221
500000100000200000200000400000440000330000340000220000232414442112433221 222444 000000100000200000200000400000443300332203343203225505232414442112433221
=== end ===
000000000000000000000000000000000000000000000000000000000000000000000000 311331 000000000000000000000000000000000000000000000000000000000000003000001000
000000000000000000000000000000000000000000000000000000000000003000001000 133121 000000000000000000000000000000000000000000000000000000000000033000011000
000000000000000000000000000000000000000000000000000000000000033000011000 312122 000000000000000000000000000000000000000000000000000000000000333000111000
000000000000000000000000000000000000000000000000000000000000333000111000 212244 000000000000000000000000000000000000000000000000000000000000333100111200
000000000000000000000000000000000000000000000000000000000000333100111200 224433 000000000000000000000000000000000000000000000000000000000000333100111222
000000000000000000000000000000000000000000000000000000000000333100111222 443334 000000000000000000000000000000000000000000000000000000440000333100111222
000000000000000000000000000000000000000000000000000000440000333100111222 333441 000000000000000000000000000000000000000000000000000000440000333133111222
000000000000000000000000000000000000000000000000000000440000333133111222 344133 000000000000000000000000000000000000000000400000300000440000333133111222
000000000000000000000000000000000000000000400000300000440000333133111222 413321 000000000000000000000000000000000000000000400000340000441000333133111222
000000000000000000000000000000000000000000400000340000441000333133111222 332123 000000000000000000000000000000000000000000400000340300441300333133111222
000000000000000000000000000000000000000000400000340300441300333133111222 212331 000000000000000000000000000000000000033122034413043312441323333133111222
000000000000000000000000000000000000033122034413043312441323333133111222 233131 000000050000010000030000035000015050033035534433343342441323333133111222
000000050000010000030000035000015050033035534433343342441323333133111222 313131 000000000000010000030000030000015050033035534433343342441323333133111222
=== end ===
000000000000000000000000000000000000000000000000000000000000000000000000 324323 000000000000000000000000000000000000000000000000000000000000000000003200
000000000000000000000000000000000000000000000000000000000000000000003200 432342 000000000000000000000000000000000000000000000000000000000000040000033200
000000000000000000000000000000000000000000000000000000000000040000033200 234213 000000000000000000000000000000000000000000000000000000000300040200033200
000000000000000000000000000000000000000000000000000000000300040200033200 421331 000000000000000000000000000000000000000000000000000000002300044200033200
000000000000000000000000000000000000000000000000000000002300044200033200 133111 000000000000000000000000000000000000000000000000000000002300044201033203
000000000000000000000000000000000000000000000000000000002300044201033203 311131 000000000000000000000000000000000000000000000000000000002301044201033233
000000000000000000000000000000000000000000000000000000002301044201033233 113131 000000000000000000000000000000000000000000000100000100002301044201033233
000000000000000000000000000000000000000000000100000100002301044201033233 313141 000000000000000000000000000000000000000000000100000100002311044231033233
000000000000000000000000000000000000000000000100000100002311044231033233 314132 000000000000000000000000000000000000000000000100010100032311044231033233
000000000000000000000000000000000000000000000100010100032311044231033233 413243 000000000000000000000000000000000000000000000100010100032311444231333233
000000000000000000000000000000000000000000000100010100032311444231333233 324314 000000000000000000000000000000000000000000003100012100032311444231333233
000000000000000000000000000000000000000000003100012100032311444231333233 431433 000000000000000000000000000000000000000000043100012100332311444231333233
000000000000000000000000000000000000000000043100012100332311444231333233 143311 000000000000000000000000000000010000040000043100012100332311444231333233
000000000000000000000000000000010000040000043100012100332311444231333233 331121 000000000000000000000000000000010000043300043100012100332311444231333233
000000000000000000000000000000010000043300043100012100332311444231333233 112111 000000000000000000000000000000010000043300143100112100332311444231333233
000000000000000000000000000000010000043300143100112100332311444231333233 211123 000000000000000000000000000000010000043300143110112120332311444231333233
000000000000000000000000000000010000043300143110112120332311444231333233 112311 000000000000000000000000000100010100043300143110112120332311444231333233
000000000000000000000000000100010100043300143110112120332311444231333233 231143 000000000000000000000000000100010100043300143113112122332311444231333233
000000000000000000000000000100010100043300143113112122332311444231333233 114334 000000000000000000000000000000000000043300143113112122332311444231333233
000000000000000000000000000000000000043300143113112122332311444231333233 433431 000000000000000000000000000000030000443300143113112122332311444231333233
000000000000000000000000000000030000443300143113112122332311444231333233 343121 000000000000000000040000030000030000443300143113112122332311444231333233
000000000000000000040000030000030000443300143113112122332311444231333233 312123 000000000000000000000000000000000000000000100003112022332311444231333233
000000000000000000000000000000000000000000100003112022332311444231333233 212344 000000000000000000000000000000100000200000100003112022332311444231333233
000000000000000000000000000000100000200000100003112022332311444231333233 234432 000000000000000000000000000000100000220000130003112022332311444231333233
000000000000000000000000000000100000220000130003112022332311444231333233 443241 000000000000000000400000400000100000220000130003112022332311444231333233
000000000000000000400000400000100000220000130003112022332311444231333233 324124 000000000000000000400000430000120000220000130003112022332311444231333233
000000000000000000400000430000120000220000130003112022332311444231333233 412431 000000000000000000400000430000120000220000130103112422332311444231333233
000000000000000000400000430000120000220000130103112422332311444231333233 243113 000000000000000000400000430000120000220004130123112422332311444231333233
000000000000000000400000430000120000220004130123112422332311444231333233 311341 000000000000000000400000430000120001220034130123112422332311444231333233
000000000000000000400000430000120001220034130123112422332311444231333233 134113 000000000000000000400000430001120031220034130123112422332311444231333233
000000000000000000400000430001120031220034130123112422332311444231333233 411314 000000000000000004400001430001120031220034130123112422332311444231333233
000000000000000004400001430001120031220034130123112422332311444231333233 131411 000000000001000004400001430031120031220034130123112422332311444231333233
000000000001000004400001430031120031220034130123112422332311444231333233 141142 000000000001000014400041430031120031220034130123112422332311444231333233
000000000001000014400041430031120031220034130123112422332311444231333233 114232 000001000001000014400041430031120031220034130123112422332311444231333233
000001000001000014400041430031120031220034130123112422332311444231333233 423241 000000000000000000000000000000000000000000000000000000000001000001000001
000000000000000000000000000000000000000000000000000000000001000001000001 324124 000000000000000000000000000000000000000000000001000004000001000021000021
000000000000000000000000000000000000000000000001000004000001000021000021 412441 000000000000000000000000000000000000000000000001000004000001000221000121
000000000000000000000000000000000000000000000001000004000001000221000121 244132 000000000000000000000000000000000000000002000001000004000041000221000121
000000000000000000000000000000000000000002000001000004000041000221000121 413211 000000000000000000000000000000000000000002000001000104000441000221000121
000000000000000000000000000000000000000002000001000104000441000221000121 321142 000000000000000000000000000000000000000002000001000104000441000221023121
000000000000000000000000000000000000000002000001000104000441000221023121 114241 000000000000000000000000000000000000000002000001000104000441011221023121
000000000000000000000000000000000000000002000001000104000441011221023121 424132 000000000000000000000000000000000000000002000001000104000441211221423121
=== end ===
000000000000000000000000000000000000000000000000000000000000000000000000 111213 000000000000000000000000000000000000000000000000000000000000000000011000
000000000000000000000000000000000000000000000000000000000000000000011000 121343 000000000000000000000000000000000000000000000000000000000000200000111000
000000000000000000000000000000000000000000000000000000000000200000111000 134321 000000000000000000000000000000000000000000000000000000000000200100111300
000000000000000000000000000000000000000000000000000000000000200100111300 432114 000000000000000000000000000000000000000000000000000000000000200130111340
000000000000000000000000000000000000000000000000000000000000200130111340 211431 000000000000000000000000000000000000000000000000000000001000202130111340
000000000000000000000000000000000000000000000000000000001000202130111340 143114 000000000000000000000000000000000000000000000000000010001040202130111340
000000000000000000000000000000000000000000000000000010001040202130111340 311411 000000000000000000000000000000000000000000000000000010001040202133111341
000000000000000000000000000000000000000000000000000010001040202133111341 141124 000000000000000000000000000000000000000000000010000010001044202133111341
000000000000000000000000000000000000000000000010000010001044202133111341 112423 000000000000000000000000000000000000000000000011000014001044202133111341
000000000000000000000000000000000000000000000011000014001044202133111341 242331 000000000000000000000000000000000000000000000011000014041044222133111341
000000000000000000000000000000000000000000000011000014041044222133111341 233132 000000000000000000000000000000000000000000000011000214041344222133111341
000000000000000000000000000000000000000000000011000214041344222133111341 313213 000000000000000000000000000000000000000100000311000214041344222133111341
000000000000000000000000000000000000000100000311000214041344222133111341 321311 000000000000000000000000000000000000000100003311002214041344222133111341
000000000000000000000000000000000000000100003311002214041344222133111341 131133 000000000000000000000000000000001000003100003311002214041344222133111341
000000000000000000000000000000001000003100003311002214041344222133111341 113314 000000000000000000000000000000001000003100013311012214041344222133111341
000000000000000000000000000000001000003100013311012214041344222133111341 331421 000000000000000000000000000000001000003133013311012214041344222133111341
000000000000000000000000000000001000003133013311012214041344222133111341 142143 000000000000000000000000000000001000003133013311112214441344222133111341
000000000000000000000000000000001000003133013311112214441344222133111341 214322 000000000000000000000000000020001010003133013311112214441344222133111341
000000000000000000000000000020001010003133013311112214441344222133111341 432213 000000000000000000000040000020001013003133013311112214441344222133111341
000000000000000000000040000020001013003133013311112214441344222133111341 221341 000000000000000000000042000022001013003133013311112214441344222133111341
000000000000000000000042000022001013003133013311112214441344222133111341 134124 000000000000000000000042001022001313003133013311112214441344222133111341
000000000000000000000042001022001313003133013311112214441344222133111341 412431 000000000000000000001042001422001313003133013311112214441344222133111341
000000000000000000001042001422001313003133013311112214441344222133111341 243122 000000000000000000001042001422001313403133213311112214441344222133111341
000000000000000000001042001422001313403133213311112214441344222133111341 312241 000000000000000043001042001422001313403133213311112214441344222133111341
000000000000000043001042001422001313403133213311112214441344222133111341 224141 000000000000000043001042001422201313423133213311112214441344222133111341
000000000000000043001042001422201313423133213311112214441344222133111341 414123 000000000000000043001042101422241313423133213311112214441344222133111341
000000000000000043001042101422241313423133213311112214441344222133111341 412314 000000000000000003000002100022240313423133213311112214441344222133111341
000000000000000003000002100022240313423133213311112214441344222133111341 231433 000000000000000023000032100022240313423133213311112214441344222133111341
000000000000000023000032100022240313423133213311112214441344222133111341 143334 000000000000000023000032100422241313423133213311112214441344222133111341
000000000000000023000032100422241313423133213311112214441344222133111341 333411 000000000000000023000332103422241313423133213311112214441344222133111341
000000000000000023000332103422241313423133213311112214441344222133111341 341111 000000000000000023400332133422241313423133213311112214441344222133111341
000000000000000023400332133422241313423133213311112214441344222133111341 111142 000000000000000023411332133422241313423133213311112214441344222133111341
000000000000000023411332133422241313423133213311112214441344222133111341 114213 000000000000000000000000000000000000000000000000000000430000422011434441
000000000000000000000000000000000000000000000000000000430000422011434441 421344 000000000000000000000000000000000000000000000000000010430130422211434441
000000000000000000000000000000000000000000000000000010430130422211434441 134421 000000000000000000000000000000000000000000000024000014430133422211434441
000000000000000000000000000000000000000000000024000014430133422211434441 442114 000000000000000000000000000000000000000000000024002014431133422211434441
000000000000000000000000000000000000000000000024002014431133422211434441 211442 000000000000000000000000000000000010000020000024002014431133422211434441
000000000000000000000000000000000010000020000024002014431133422211434441 144232 000000000000000000000000000000000011000024000024002014431133422211434441
000000000000000000000000000000000011000024000024002014431133422211434441 423233 000000000000000000000002000004000011000024000024002014431133422211434441
000000000000000000000002000004000011000024000024002014431133422211434441 323322 000003000003000002000002000014000011000024320024342014431133422211434441
000003000003000002000002000014000011000024320024342014431133422211434441 332224 000003000003000002000002000014200011200024300024340014431133422211434441
000003000003000002000002000014200011200024300024340014431133422211434441 222444 500003500003505002505052505014205011205024352024342014431133422211434441
=== end ===
000000000000000000000000000000000000000000000000000000000000000000004300 423223 000000000000000000000000000000000000000000000000000000000000020000044300
000000000000000000000000000000000000000000000000000000000000020000044300 322312 000000000000000000000000000000000000000000000000000000003000022000044300
000000000000000000000000000000000000000000000000000000003000022000044300 231242 000000000000000000000000000000000000000000000000000000003000222000344300
000000000000000000000000000000000000000000000000000000003000222000344300 124232 000000000000000000000000000000000000000000000000000000003200222100344300
000000000000000000000000000000000000000000000000000000003200222100344300 423243 000000000000000000000000000000000000000000000000002000043200222100344300
000000000000000000000000000000000000000000000000002000043200222100344300 324314 000000000000000000000000000000000000000000020000032000043200222100344300
000000000000000000000000000000000000000000020000032000043200222100344300 431414 000000000000000000000000000000000000000000020000332000443200222100344300
000000000000000000000000000000000000000000020000332000443200222100344300 141443 000000000000000000000000000000000000000000020000332000443200222104344301
000000000000000000000000000000000000000000020000332000443200222104344301 144331 000000000000000000000000000000000000000000020000332000443200222144344311
000000000000000000000000000000000000000000020000332000443200222144344311 433132 000000000000000000000000000000000000000000020000332003443204222144344311
000000000000000000000000000000000000000000020000332003443204222144344311 313232 000000000000000000000000000000000000000000020000332033443214222144344311
000000000000000000000000000000000000000000020000332033443214222144344311 323211 000000000000000000000000000000000000000000020200332333443214222144344311
000000000000000000000000000000000000000000020200332333443214222144344311 321133 000000000000000000000000000000000000000003020202332333443214222144344311
000000000000000000000000000000000000000003020202332333443214222144344311 113324 000000000000000000000000000000000000100003120202332333443214222144344311
000000000000000000000000000000000000100003120202332333443214222144344311 332441 000000000000000000000000000003000003100003120202332333443214222144344311
000000000000000000000000000003000003100003120202332333443214222144344311 244144 000000000000000000000000000003000003100043120222332333443214222144344311
000000000000000000000000000003000003100043120222332333443214222144344311 414423 000000000000000000000000000003400003110043120222332333443214222144344311
000000000000000000000000000003400003110043120222332333443214222144344311 442343 000000000000000000400000400003400003110043120222332333443214222144344311
000000000000000000400000400003400003110043120222332333443214222144344311 234343 000000000000000000000000400000400000400000100000110040440214222144344311
000000000000000000000000400000400000400000100000110040440214222144344311 434324 000000000000000000000000000000000000400000400000400000100000100000310000
000000000000000000000000000000000000400000400000400000100000100000310000 432412 000000000000000000000000000000000000000000000000000000000000000000000240
000000000000000000000000000000000000000000000000000000000000000000000240 241213 500000100000200000300000300000300000100050105550405550455550415550315240
500000100000200000300000300000300000100050105550405550455550415550315240 121322 500000100000200000300000300000300000100000100000400000450000410505310245
500000100000200000300000300000300000100000100000400000450000410505310245 132221 500000100000200000300000300000303000103000105005405005455005415505315245
500000100000200000300000300000303000103000105005405005455005415505315245 222122 500000100000200000300000300000300000100000100000400000450505410505315245
500000100000200000300000300000300000100000100000400000450505410505315245 212211 500000100000200000300000300000300000100000100005400005450505410505315245
500000100000200000300000300000300000100000100005400005450505410505315245 221133 500000100000200000300000300000300000100000150500450500450500410505310245
500000100000200000300000300000300000100000150500450500450500410505310245 113342 500000100000200000300000300000300000100000100000400000450000410505315245
500000100000200000300000300000300000100000100000400000450000410505315245 334222 500000100000200000300000300000300000100000100050400050450555410555310245
=== end ===
000000000000000000000000000000000000000000000000000000000000000000000000 113133 000000000000000000000000000000000000000000000000000000000000000000011000
000000000000000000000000000000000000000000000000000000000000000000011000 313311 000000000000000000000000000000000000000000000000000000000000300000111000
000000000000000000000000000000000000000000000000000000000000300000111000 331111 000000000000000000000000000000000000000000000000000000000000333000111000
000000000000000000000000000000000000000000000000000000000000333000111000 111111 000000000000000000000000000000000000000000000000100000100000333000111000
000000000000000000000000000000000000000000000000100000100000333000111000 111122 000000000000000000000000000000000000000000000000100000100000333000111011
000000000000000000000000000000000000000000000000100000100000333000111011 112214 000000000000000000000000000000000000000000000000101000101000333000111011
000000000000000000000000000000000000000000000000101000101000333000111011 221413 000000000000000000000000000000000000000000000000101000101000333022111011
000000000000000000000000000000000000000000000000101000101000333022111011 141341 000000000000000000000000000000000000000000000000101000101000333122111411
000000000000000000000000000000000000000000000000101000101000333122111411 134112 000000000000000000000000000000000000000000000000101000101310333122111411
000000000000000000000000000000000000000000000000101000101310333122111411 411211 000000000000000000000000000000000000000003004311101433141312333122111411
=== end ===
000000000000000000000000000000000000000000000000000000000000000000000000 321333 000000000000000000000000000000000000000000000000000000000000000000003200
000000000000000000000000000000000000000000000000000000000000000000003200 133334 000000000000000000000000000000000000000000000000000000000000010000033200
000000000000000000000000000000000000000000000000000000000000010000033200 333441 000000000000000000000000000000000000000000000000000000000000010000033233
000000000000000000000000000000000000000000000000000000000000010000033233 344144 000000000000000000000000000000000000000000000000000000000000010340033233
000000000000000000000000000000000000000000000000000000000000010340033233 414441 000000000000000000000000000000000000000000000000000000000400011340033233
000000000000000000000000000000000000000000000000000000000400011340033233 444114 000000000000000000000000000000000000000000000000000000000404011344033233
000000000000000000000000000000000000000000000000000000000404011344033233 411413 000000000000000000000000000000000000000000000000000000000404411344133233
000000000000000000000000000000000000000000000000000000000404411344133233 141311 000000000000000000000000000000000000000000000000041000043404411344133233
000000000000000000000000000000000000000000000000041000043404411344133233 131132 000000000000000000000000000000000000420000120000141000143404411344133233
000000000000000000000000000000000000420000120000141000143404411344133233 113234 000000000000000000000000000000003410423410122332141223143424411344133233
000000000000000000000000000000003410423410122332141223143424411344133233 323414 000000000000004000014300023100043410423410122332141223143424411344133233
000000000000004000014300023100043410423410122332141223143424411344133233 341433 000000000000000000000000000000000000000000000000000000000000000000201000
000000000000000000000000000000000000000000000000000000000000000000201000 143343 000000000000000000000000000000000000000000000000000000000000040000211000
000000000000000000000000000000000000000000000000000000000000040000211000 334311 000000000000000000000000000000000000000000000000000000300000340000211000
=== end ===
000000000000000000000000000000000000000000000000000000000000000000000000 144214 000000000000000000000000000000000000000000000000000000000000001000004000
000000000000000000000000000000000000000000000000000000000000001000004000 421411 000000000000000000000000000000000000000000000000000000000000201000404000
000000000000000000000000000000000000000000000000000000000000201000404000 141131 000000000000000000000000000000000000000000000000000000000000211000444000
000000000000000000000000000000000000000000000000000000000000211000444000 113142 000000000000000000000000000000000000000000000000000000000000211000444110
000000000000000000000000000000000000000000000000000000000000211000444110 314212 000000000000000000000000000000000000000000000000000000000000211310444110
000000000000000000000000000000000000000000000000000000000000211310444110 421222 000000000000000000000000000000000000000000000000400000200000211310444110
000000000000000000000000000000000000000000000000400000200000211310444110 122234 000000000000000000000000000000000000000000000000410000220000211310444110
000000000000000000000000000000000000000000000000410000220000211310444110 223411 000000000000000000000000000000000000000000000000410000220000211312444112
000000000000000000000000000000000000000000000000410000220000211312444112 341142 000000000000000000000000000000000000000000000000410400220300211312444112
000000000000000000000000000000000000000000000000410400220300211312444112 114243 000000000000000000000000000000000000000000000000411400223300211312444112
000000000000000000000000000000000000000000000000411400223300211312444112 424314 000000000000000000000000000000000000000000000400411400223320211312444112
000000000000000000000000000000000000000000000400411400223320211312444112 431432 000000000000000000000000000000000000000000000440411430223320211312444112
000000000000000000000000000000000000000000000440411430223320211312444112 143214 000000000000000000000000000000000000000010000440411430223324211312444112
000000000000000000000000000000000000000010000440411430223324211312444112 321441 000000000000000000000000000000000000000010000443411432223324211312444112
000000000000000000000000000000000000000010000443411432223324211312444112 144134 000000000000000000000001000004000034000113000443411432223324211312444112
000000000000000000000001000004000034000113000443411432223324211312444112 413441 000000000003000004000011000044000034002113002443411432223324211312444112
000000000003000004000011000044000034002113002443411432223324211312444112 344121 000002000043000014000011000044400034302113322443411432223324211312444112
000002000043000014000011000044400034302113322443411432223324211312444112 412121 000002000043000014200011200044400034302113322443411432223324211312444112
000002000043000014200011200044400034302113322443411432223324211312444112 212141 000012000043000014200011200044400234302113322443411432223324211312444112
000012000043000014200011200044400234302113322443411432223324211312444112 214144 000012000043000014200011200044420234312113322443411432223324211312444112
000012000043000014200011200044420234312113322443411432223324211312444112 414441 000012000043000014200011204044421234312113322443411432223324211312444112
000012000043000014200011204044421234312113322443411432223324211312444112 444123 000012000043000014240011244044421234312113322443411432223324211312444112
000012000043000014240011244044421234312113322443411432223324211312444112 412322 000012500043100014200011255544421234312113322443411432223324211312444112
000012500043100014200011255544421234312113322443411432223324211312444112 232241 000012000043100014200011205544421234312113322443411432223324211312444112
000012000043100014200011205544421234312113322443411432223324211312444112 224134 000012000043102014202511255544421234312113322443411432223324211312444112
000012000043102014202511255544421234312113322443411432223324211312444112 413432 000012000143102414202511255544421234312113322443411432223324211312444112
000012000143102414202511255544421234312113322443411432223324211312444112 343223 000012000043102014202011255544421234312113322443411432223324211312444112
000012000043102014202011255544421234312113322443411432223324211312444112 322324 000012000043102014202011255544421234312113322443411432223324211312444112
000012000043102014202011255544421234312113322443411432223324211312444112 232432 000000000000000000000000000000400000100000200000200000400000300000300000
000000000000000000000000000000400000100000200000200000400000300000300000 243213 000000000000000000000000000000400000100000200000200000400000300000324000
=== end ===
000000000000000000000000000000000000000000000000000000000000000000000000 132112 000000000000000000000000000000000000000000000000000000000000000000001300
000000000000000000000000000000000000000000000000000000000000000000001300 211221 000000000000000000000000000000000000000000000000000000000000020000011300
000000000000000000000000000000000000000000000000000000000000020000011300 122123 000000000000000000000000000000000000000000000000000000000000220000111300
000000000000000000000000000000000000000000000000000000000000220000111300 212311 000000000000000000000000000000000000000000000000000000000000222100111300
000000000000000000000000000000000000000000000000000000000000222100111300 231114 000000000000000000000000000000000000000000000000000000000200222100111330
000000000000000000000000000000000000000000000000000000000200222100111330 111413 000000000000000000000000000000000000000000000000001000001200222100111330
000000000000000000000000000000000000000000000000001000001200222100111330 141332 000000000000000000000000000000000000000000000100001400001200222100111330
000000000000000000000000000000000000000000000100001400001200222100111330 133241 000000000000000000000000000000000000000000000100001400001230222113111332
000000000000000000000000000000000000000000000100001400001230222113111332 324143 000000000000000000000000000000000000000001000104001404001232222113111332
000000000000000000000000000000000000000001000104001404001232222113111332 414333 000000000000000000000000000000000000000001004144001424031232222113111332
000000000000000000000000000000000000000001004144001424031232222113111332 433334 000010000030000010000010000013000133000411304144231424331232222113111332
000010000030000010000010000013000133000411304144231424331232222113111332 333433 000010000030000010000010000013030133024411324144231424331232222113111332
000010000030000010000010000013030133024411324144231424331232222113111332 343324 000000000000000000000000000000032000024400324144231424331232222113111332
000000000000000000000000000000032000024400324144231424331232222113111332 332422 000000000000000000000000032000032000024400324144231424331232222113111332
000000000000000000000000032000032000024400324144231424331232222113111332 242223 000000000000002000004000032000032000024400324144231424331232222113111332
000000000000002000004000032000032000024400324144231424331232222113111332 222334 000000002000002000004000032000032200024400324144231424331232222113111332
=== end ===
000000000000000000000000000000000000000000000000000000000000000000000000 331321 000000000000000000000000000000000000000000000000000000000000000000033000
000000000000000000000000000000000000000000000000000000000000000000033000 132112 000000000000000000000000000000000000000000000000000000000000100000333000
000000000000000000000000000000000000000000000000000000000000100000333000 211214 000000000000000000000000000000000000000000000000000000020000110000333000
000000000000000000000000000000000000000000000000000000020000110000333000 121421 000000000000000000000000000000000000000000000000100000220000110000333000
000000000000000000000000000000000000000000000000100000220000110000333000 142143 000000000000000000000000000000000000000000000000100000220000111000333400
000000000000000000000000000000000000000000000000100000220000111000333400 214343 000000000000000000000000000000000000000000010000120000220000111000333400
000000000000000000000000000000000000000000010000120000220000111000333400 434323 000000000000000000000000000000000000000000010000120000220400111300333400
000000000000000000000000000000000000000000010000120000220400111300333400 432333 000000000000000000000000000000000000000000010000120000220400111340333430
000000000000000000000000000000000000000000010000120000220400111340333430 233331 000000000000000000000000000000000000000000010000120020220430111340333430
000000000000000000000000000000000000000000010000120020220430111340333430 333124 000000000000000000000000000000000000000000010030120020220430111340333433
000000000000000000000000000000000000000000010030120020220430111340333433 312421 000000000000000000000000000000000000000000010030121020223430111340333433
000000000000000000000000000000000000000000010030121020223430111340333433 242143 000000000000000000000000000000000000000000010030121020223432111344333433
000000000000000000000000000000000000000000010030121020223432111344333433 214311 000000000000000000000000000000000000000000010031121022223432111344333433
000000000000000000000000000000000000000000010031121022223432111344333433 431131 000000000000000000000000000000000000000000010431121322223432111344333433
000000000000000000000000000000000000000000010431121322223432111344333433 113112 000000000000000000000000000000000101000301010431121322223432111344333433
000000000000000000000000000000000101000301010431121322223432111344333433 311213 000000000000000000000000000110000121000321010431121322223432111344333433
000000000000000000000000000110000121000321010431121322223432111344333433 121311 000000000000000000000000040440020220023320411430121322223432111344333433
000000000000000000000000040440020220023320411430121322223432111344333433 131111 000000000000000000000000000000000000003300411430121322223432111344333433
000000000000000000000000000000000000003300411430121322223432111344333433 111114 000000000000000000000000001000001000003300411430121322223432111344333433
000000000000000000000000001000001000003300411430121322223432111344333433 111424 000000000000000000000000000000000000000300400430123322223432111344333433
000000000000000000000000000000000000000300400430123322223432111344333433 142442 000000000000000000000000000000000001100322440434123322223432111344333433
000000000000000000000000000000000001100322440434123322223432111344333433 244244 000000000000000000000000000200000201100322440434123322223432111344333433
000000000000000000000000000200000201100322440434123322223432111344333433 424443 000000000000000000000000000000000000000001100004120022220432111344333433
000000000000000000000000000000000000000001100004120022220432111344333433 444333 000000000000000000000000000000000000000001100404120422220432111344333433
=== end ===
000000000000000000000000000000000000000000000000000000000000003000004000 442211 000000000000000000000000000000000000000000000000000000000000003000444000
000000000000000000000000000000000000000000000000000000000000003000444000 221121 000000000000000000000000000000000000000000000000000000000000223000444000
000000000000000000000000000000000000000000000000000000000000223000444000 112132 000000000000000000000000000000000000000000000000000000000000223100444100
000000000000000000000000000000000000000000000000000000000000223100444100 213244 000000000000000000000000000000000000000000000000000000021000223100444100
000000000000000000000000000000000000000000000000000000021000223100444100 324424 000000000000000000000000000000000000000000000000000000021000223100444132
000000000000000000000000000000000000000000000000000000021000223100444132 442411 000000000000000000000000000000000000000000000000400000421000223100444132
000000000000000000000000000000000000000000000000400000421000223100444132 241131 000000000000000000000000000000000000200000400000400000421000223100444132
000000000000000000000000000000000000200000400000400000421000223100444132 113114 000000000000000000000000000000000000200000410000410000421000223100444132
000000000000000000000000000000000000200000410000410000421000223100444132 311444 000000000000000000000000000000000000200000410000410000421300223110444132
000000000000000000000000000000000000200000410000410000421300223110444132 144413 000000000000000000000000000000000000200000411000414000421300223110444132
000000000000000000000000000000000000200000411000414000421300223110444132 441332 000000000000000000000000000000400000240000411000414000421300223110444132
000000000000000000000000000000400000240000411000414000421300223110444132 133243 000000000000000000000000000000400000240000411000414010421330223110444132
000000000000000000000000000000400000240000411000414010421330223110444132 324341 000000000000000000000000000000400000240000411000414010421332223113444132
000000000000000000000000000000400000240000411000414010421332223113444132 434113 000000000000000000000000000000400000240000411400414310421332223113444132
000000000000000000000000000000400000240000411400414310421332223113444132 411321 000000000000000000000000000000400000240100411440414310421332223113444132
000000000000000000000000000000400000240100411440414310421332223113444132 132113 000000000000000000000000000000400010240130411440414310421332223113444132
000000000000000000000000000000400010240130411440414310421332223113444132 211332 000000000000000000000000000010400010240130411440414312421332223113444132
000000000000000000000000000010400010240130411440414312421332223113444132 133224 000000000000000000000000000110400310240130411440414312421332223113444132
000000000000000000000000000110400310240130411440414312421332223113444132 322413 000000000000000000000030000110400310240130411442414312421332223113444132
000000000000000000000030000110400310240130411442414312421332223113444132 241322 000000000000000040000230000110400310240130411442414312421332223113444132
000000000000000040000230000110400310240130411442414312421332223113444132 132234 000000000300000140000230000110400310240130411442414312421332223113444132
000000000300000140000230000110400310240130411442414312421332223113444132 223441 000000000300000140000230000110402310242130411442414312421332223113444132
000000000300000140000230000110402310242130411442414312421332223113444132 344134 000000000300000140000230000110402313242134411442414312421332223113444132
000000000300000140000230000110402313242134411442414312421332223113444132 413434 000000000000000000000000000000000300000100002202402312221332223113444132
=== end ===
000000000000000000000000000000000000000000000000000000000000000000044000 341331 000000000000000000000000000000000000000000000000000000000000300000444000
000000000000000000000000000000000000000000000000000000000000300000444000 133112 000000000000000000000000000000000000000000000000000000010000330000444000
000000000000000000000000000000000000000000000000000000010000330000444000 311223 000000000000000000000000000000000000000000000000300000110000330000444000
000000000000000000000000000000000000000000000000300000110000330000444000 122333 000000000000000000000000000000000000000000020000310000110000330000444000
000000000000000000000000000000000000000000020000310000110000330000444000 233344 000000000000000000000000000000000000000000020000310000110000333000444200
000000000000000000000000000000000000000000020000310000110000333000444200 334423 000000000000000000000000000000000000300000320000310000110000333000444200
000000000000000000000000000000000000300000320000310000110000333000444200 442323 000000000000000000000000000000000000300000320000310000114000333400444200
000000000000000000000000000000000000300000320000310000114000333400444200 232314 000000000000000000000000000000000000300000320000310000114000333420444230
000000000000000000000000000000000000300000320000310000114000333420444230 231444 000000000000000000000000000000000000300000320000310000114000333422444233
000000000000000000000000000000000000300000320000310000114000333422444233 144421 000000000000000000000000000000000000310000320000314000114000333422444233
000000000000000000000000000000000000310000320000314000114000333422444233 442111 000000000000000000000000000000000000310000320000314040114040333422444233
000000000000000000000000000000000000310000320000314040114040333422444233 211131 000000000000000000000000000000000000310000320000314140114240333422444233
000000000000000000000000000000000000310000320000314140114240333422444233 113123 000000000000000000000000000000000000310100320100314140114240333422444233
000000000000000000000000000000000000310100320100314140114240333422444233 312312 000000000000000000000000030000010000310100320100314140114240333422444233
000000000000000000000000030000010000310100320100314140114240333422444233 231213 000000000000000000030000030000010000310100322100314140114240333422444233
000000000000000000030000030000010000310100322100314140114240333422444233 121314 000000000000000000030000030000011000312100322100314140114240333422444233
000000000000000000030000030000011000312100322100314140114240333422444233 131423 000000000000000000030000030000011000312000322000314040114243333422444233
000000000000000000030000030000011000312000322000314040114243333422444233 142313 000000000000000000030000030000011000312000322400314340114243333422444233
000000000000000000030000030000011000312000322400314340114243333422444233 231323 000000000000030000030000032000011000312000322400314340114243333422444233
000000000000030000030000032000011000312000322400314340114243333422444233 132343 000000000000030000030000032000011300312100322400314340114243333422444233
=== end ===
000000000000000000000000000000000000000000000000000000000000000000000000 133141 000000000000000000000000000000000000000000000000000000000000001000003000
000000000000000000000000000000000000000000000000000000000000001000003000 314112 000000000000000000000000000000000000000000000000000000000000011000033000
000000000000000000000000000000000000000000000000000000000000011000033000 411222 000000000000000000000000000000000000000000000000000000000000411000133000
000000000000000000000000000000000000000000000000000000000000411000133000 122242 000000000000000000000000000000000000000000000000000000000000411020133010
000000000000000000000000000000000000000000000000000000000000411020133010 224222 000000000000000000000000000000000000000000000000000000000000411220133210
000000000000000000000000000000000000000000000000000000000000411220133210 422214 000000000000000000000000000000000000000000000000200000400000411220133210
000000000000000000000000000000000000000000000000200000400000411220133210 221432 000000000000000000000000000000000000200000200000200000400000411220133210
000000000000000000000000000000000000200000200000200000400000411220133210 143243 000000000000000000000000000000000000200000200000200000400000411221133214
000000000000000000000000000000000000200000200000200000400000411221133214 324324 000000000000000000000000000000000000200000200000200000402300411221133214
000000000000000000000000000000000000200000200000200000402300411221133214 432414 000000000000000000000000000000300000200000200000200000442300411221133214
000000000000000000000000000000300000200000200000200000442300411221133214 241434 000000000000000000000000000000000000000000400000300000442300411221133214
000000000000000000000000000000000000000000400000300000442300411221133214 143431 000000000000000000000000000000000000000000400000300000442314411221133214
000000000000000000000000000000000000000000400000300000442314411221133214 343124 000000000000000000000000000000000000000000400000300034442314411221133214
000000000000000000000000000000000000000000400000300034442314411221133214 312443 000000000000000000000000000000000000000000400000303134442314411221133214
000000000000000000000000000000000000000000400000303134442314411221133214 244314 000000000000000000000000000000000000000000400024303134442314411221133214
000000000000000000000000000000000000000000400024303134442314411221133214 431424 000000000000000000000000000000000000000000440024333134442314411221133214
000000000000000000000000000000000000000000440024333134442314411221133214 142443 000000000000000000000000000000000000001000444024333134442314411221133214
000000000000000000000000000000000000001000444024333134442314411221133214 244343 000000000000000000000000000000004000001000444224333134442314411221133214
000000000000000000000000000000004000001000444224333134442314411221133214 434322 000000000000000000000000000000404000301000444224333134442314411221133214
000000000000000000000000000000404000301000444224333134442314411221133214 432234 000000000000000000000000000000404004301003444224333134442314411221133214
000000000000000000000000000000404004301003444224333134442314411221133214 223434 000000000000000000000000000002404004301023444224333134442314411221133214
000000000000000000000000000002404004301023444224333134442314411221133214 343442 000000000000000000000003000002404044301023444224333134442314411221133214
000000000000000000000003000002404044301023444224333134442314411221133214 344241 000000000000000003000003000042404044301023444224333134442314411221133214
000000000000000003000003000042404044301023444224333134442314411221133214 424143 000005000005000003000003005042005044502023504224501134552314511221133214
=== end ===
000000000000000000000000000000000000000000000000000000000000004000001000 131131 000000000000000000000000000000000000000000000000000000000000304000101000
000000000000000000000000000000000000000000000000000000000000304000101000 113111 000000000000000000000000000000000000000000000000000000100000304000111000
000000000000000000000000000000000000000000000000000000100000304000111000 311143 000000000000000000000000000000000000330000320000220320130210334141111441
000000000000000000000000000000000000330000320000220320130210334141111441 114341 000000000000000000500000500000200000400000200000200000105500104555104255
000000000000000000500000500000200000400000200000200000105500104555104255 434113 000000000000500000500000505000205000404000255000225550155550154555154255
000000000000500000500000505000205000404000255000225550155550154555154255 411341 000000000000500000500000500000200000400000200000200000105000104000104200
000000000000500000500000500000200000400000200000200000105000104000104200 134123 000000000000500000540000510000220000440000250000220000155005154505154205
000000000000500000540000510000220000440000250000220000155005154505154205 412314 000000000000000000000000000000000000000005005005503005553005554505544205
000000000000000000000000000000000000000005005005503005553005554505544205 231423 000000000000000000000000000000000000000000005000003000003000004000044200
000000000000000000000000000000000000000000005000003000003000004000044200 142341 000000000000000000000000000400000500000500005100503500503500504500544255
000000000000000000000000000400000500000500005100503500503500504500544255 234143 000000000000000000000000001000005005005005005005503005503505504555544255
000000000000000000000000001000005005005005005005503005503505504555544255 414313 000000000000000000000000000000000000005000005000003000003000504000544250
000000000000000000000000000000000000005000005000003000003000504000544250 431323 000000000000004000001000001000005000205000405100503500503500504550544255
000000000000004000001000001000005000205000405100503500503500504550544255 132323 000000000000004000001000001000005000205000405005503005503505504555544255
000000000000004000001000001000005000205000405005503005503505504555544255 232344 000000000000000000000000000000000000000000000005000005000005400005530205
000000000000000000000000000000000000000000000005000005000005400005530205 234422 000000000000000000000000000000000000000000000000000000000050403050532255
000000000000000000000000000000000000000000000000000000000050403050532255 442241 000000000000000000000000000000000000000000000005000005400005443005532205
000000000000000000000000000000000000000000000005000005400005443005532205 224121 000000000000000000000000000000000000000000000000000000402000443250532250
000000000000000000000000000000000000000000000000000000402000443250532250 412121 000000000000000000000000000000000000000000400000100000402005443205532255
000000000000000000000000000000000000000000400000100000402005443205532255 212144 000000000000000000000000000000000000000000402000101000402005443205532205
000000000000000000000000000000000000000000402000101000402005443205532205 214422 000000000000000000000000000000001000002000402005101005402005443205532205
000000000000000000000000000000001000002000402005101005402005443205532205 442234 000000000000000000000000000000001000002000402000101400402400443200532200
000000000000000000000000000000001000002000402000101400402400443200532200 223413 000000000000000000000000000000001000002020402025101455402455443255532255
000000000000000000000000000000001000002020402025101455402455443255532255 341344 000000000000000000000000000000301000402000402005101405402455443255532255
000000000000000000000000000000301000402000402005101405402455443255532255 134443 000000000000000000000000000000301000402000402005111405432405443205532205
000000000000000000000000000000301000402000402005111405432405443205532205 444311 000000000000000000004000004000301000402000402005111405432405443205532205
000000000000000000004000004000301000402000402005111405432405443205532205 431132 000000003000004000004000004000301000402000402005111405432405443205532205
000000003000004000004000004000301000402000402005111405432405443205532205 113241 000000003000004000104000104000301000402000402000111400432400443200532205
000000003000004000104000104000301000402000402000111400432400443200532205 324134 000000000000000000000000000000000000000000000000000000000000100000103300
000000000000000000000000000000000000000000000000000000000000100000103300 413431 000000000000000000000000000000000000000000000000000000000005140005113305
000000000000000000000000000000000000000000000000000000000005140005113305 343111 000000000000000000000000000000000000000000000000000000040000143000113300
000000000000000000000000000000000000000000000000000000040000143000113300 311122 000000000000000000000000000000000000000000010000030000040000143005113305
000000000000000000000000000000000000000000010000030000040000143005113305 112213 000000000000000000000000000000010000010000010000030000040005143005113305
000000000000000000000000000000010000010000010000030000040005143005113305 221344 000000000000000000000000000000010000010000010000030000040005143025113325
000000000000000000000000000000010000010000010000030000040005143025113325 134444 000000000000000000000000000000010000010000010005030005040305143125113325
000000000000000000000000000000010000010000010005030005040305143125113325 444411 000000000000000000000000000000000000000000000005000005000005000325000125
000000000000000000000000000000000000000000000005000005000005000325000125 441112 000000000000000000000000000000000000000000000005000045000045000325000125
000000000000000000000000000000000000000000000005000045000045000325000125 111244 000000000000000000000000000000000000000000000000000040000040000320011120
000000000000000000000000000000000000000000000000000040000040000320011120 124421 000000000000000000000000000000000000000000000000000140000245000325011125
000000000000000000000000000000000000000000000000000140000245000325011125 442134 000000000000000000000000000000000000000400000400000140000245000325011125
000000000000000000000000000000000000000400000400000140000245000325011125 213413 000000000000000000000000000000000000000410000420000140000240000320011120
000000000000000000000000000000000000000410000420000140000240000320011120 341341 000000000000000000000000000000000000000410000420000140040240030320011120
000000000000000000000000000000000000000410000420000140040240030320011120 134132 000000000000000000000000000000000000000410000420000140041240033320011120
000000000000000000000000000000000000000410000420000140041240033320011120 413212 000000000000000000000000000000000050000410000420041140041245033325011125
000000000000000000000000000000000050000410000420041140041245033325011125 321233 000000000000000000000000000000000050000410000425041145041245233325311125
000000000000000000000000000000000050000410000425041145041245233325311125 123333 000000000000000000000000000000000000000410010420041140241245233325311125
000000000000000000000000000000000000000410010420041140241245233325311125 333322 000000000000000000000000000000000000000410010420041140241240233320311125
000000000000000000000000000000000000000410010420041140241240233320311125 332213 000000000000000000000000000000000000000410010420041140241240233320311125
000000000000000000000000000000000000000410010420041140241240233320311125 221322 000000000000000000000000000000020000020410010420041140241245233325311125
=== end ===
000000000000000000000000000000000000000000000000000000000000000000000000 432224 000000000000000000000000000000000000000000000000000000000000040000030000
000000000000000000000000000000000000000000000000000000000000040000030000 222444 000000000000000000000000000000000000000000000000000000000000240000230000
000000000000000000000000000000000000000000000000000000000000240000230000 244412 000000000000000000000000000000000000000000000000000000240000240000230000
000000000000000000000000000000000000000000000000000000240000240000230000 441231 000000000000000000000000000000000000000000400000400000240000240000230000
000000000000000000000000000000000000000000400000400000240000240000230000 123132 000000000000000000000000000000000000000000410000420000240000240000230000
000000000000000000000000000000000000000000410000420000240000240000230000 313243 000000000000000000000000000000000000000000410000420000240000241000233000
000000000000000000000000000000000000000000410000420000240000241000233000 324324 000000000000000000000000000000000000000000410000420000240000241200233300
000000000000000000000000000000000000000000410000420000240000241200233300 432413 000000000000000000000000000000000000000000410000420400240300241200233300
000000000000000000000000000000000000000000410000420400240300241200233300 241331 000000000000000000000000000000000000000000410000420400240300241204233302
000000000000000000000000000000000000000000410000420400240300241204233302 133123 000000000000000000000000000000000000000000410300420400241300241204233302
000000000000000000000000000000000000000000410300420400241300241204233302 312311 000000000000000000000000000000000000000000413300421400241300241204233302
000000000000000000000000000000000000000000413300421400241300241204233302 231133 000000000000000000000000000000000000000300413300421400241300241204233322
000000000000000000000000000000000000000300413300421400241300241204233322 113311 000000100000100000300000300000100100202300413310421411241324241244233322
000000100000100000300000300000100100202300413310421411241324241244233322 331121 000500000100000400000100000100550150545355413315421411241324241244233322
000500000100000400000100000100550150545355413315421411241324241244233322 112113 000500000100000400000100004150554150545355413315421411241324241244233322
000500000100000400000100004150554150545355413315421411241324241244233322 211342 000500000100000400010100254100554100545305413315421411241324241244233322
000500000100000400010100254100554100545305413315421411241324241244233322 134214 000000000000000000003000204100554400545305413315421411241324241244233322
000000000000000000003000204100554400545305413315421411241324241244233322 421422 000000000000000000000000200000520000540000410500421400241324241244233322
000000000000000000000000200000520000540000410500421400241324241244233322 142221 000000000000500000500000200000540000520000440500420400245324245244233322
000000000000500000500000200000540000520000440500420400245324245244233322 222114 000000000000500000550000250000540000520005440505420405245324245244233322
000000000000500000550000250000540000520005440505420405245324245244233322 211411 000000000000500000500000250000540000520000440500420400245324245244233322
000000000000500000500000250000540000520000440500420400245324245244233322 141124 000000000000500000550000250000540000520000440505420405245324245244233322
000000000000500000550000250000540000520000440505420405245324245244233322 112441 000000000000000000000000050000040000020000441500421400245324245244233322
000000000000000000000000050000040000020000441500421400245324245244233322 244111 000000000000000000000000050000040000020000441500421400245324245244233322
000000000000000000000000050000040000020000441500421400245324245244233322 411134 000000000000500000500000250004540001521401441545421455245324245244233322
000000000000500000500000250004540001521401441545421455245324245244233322 113424 000000500000500000500000250005540004520001440051420055245324245244233322
000000500000500000500000250005540004520001440051420055245324245244233322 342444 000000000000000000000000000000040000020000440000420000240324240244233322
000000000000000000000000000000040000020000440000420000240324240244233322 244433 000000500000500000500000250200540404520401440301420505245324245244233322
000000500000500000500000250200540404520401440301420505245324245244233322 443344 000000000000000000000000050005040004520041440051420055240324245244233322
000000000000000000000000050005040004520041440051420055240324245244233322 334442 000000000000000000000000050000040004020041440051420055245324245244233322
000000000000000000000000050000040004020041440051420055245324245244233322 444222 000000000000500000500000250005540004520041440051420055240324240244233322
000000000000500000500000250005540004520041440051420055240324240244233322 422223 000400000400000305000305000455000254500441550451540355245324245244233322
000400000400000305000305000455000254500441550451540355245324245244233322 222323 000400000400000300000300000405500204500401550401540305245324245244233322
000400000400000300000300000405500204500401550401540305245324245244233322 232324 000000000000000000000000000000500000500000550500540400240414240144233322
000000000000000000000000000000500000500000550500540400240414240144233322 232434 000000000000000000000000000005500004550001550001541405243414245144233322
000000000000000000000000000005500004550001550001541405243414245144233322 243411 000000000000000000000000000005520004550001550501540405240424240244233322
000000000000000000000000000005520004550001550501540405240424240244233322 341132 000000000000000000000000000005520004550001550531540445240424240244233322
000000000000000000000000000005520004550001550531540445240424240244233322 113243 000000000000000000000000000005500004500011500031540445240424240244233322
000000000000000000000000000005500004500011500031540445240424240244233322 324344 000000000000000000000000000000500300500210554530542440243424245244233322
000000000000000000000000000000500300500210554530542440243424245244233322 434432 000000000000000000000000000000503300504210554530542440243424245244233322
000000000000000000000000000000503300504210554530542440243424245244233322 443211 000000000000000000000000004400503300504210554530542440243424245244233322
000000000000000000000000004400503300504210554530542440243424245244233322 321131 000000000000000200005300504400503350504210554530542440243424245244233322
000000000000000200005300504400503350504210554530542440243424245244233322 113132 000000000000100200100300554405523354554211554531542445243424245244233322
000000000000100200100300554405523354554211554531542445243424245244233322 313234 000000000000100200100310554435523354554211554531542445243424245244233322
000000000000100200100310554435523354554211554531542445243424245244233322 323432 000000000030100220100310500430500354500211550531540445240424240244233322
000000000030100220100310500430500354500211550531540445240424240244233322 343222 000030000030100220100310500430500350500210550530540440240424240244233322
000030000030100220100310500430500350500210550530540440240424240244233322 322231 000030000030100220100310500435500354500211500531540445240424240244233322
000030000030100220100310500435500354500211500531540445240424240244233322 223134 000000000000000000000000050405020304050211550531540445240424240244233322
000000000000000000000000050405020304050211550531540445240424240244233322 313442 000000300000100000100000504400503304504211554531542445243424245244233322
000000300000100000100000504400503304504211554531542445243424245244233322 344211 000000030000040040010010054435023354054211554531542445243424245244233322
000000030000040040010010054435023354054211554531542445243424245244233322 421112 000000330000142000114000554405523304554211554531542445243424245244233322
000000330000142000114000554405523304554211554531542445243424245244233322 111244 000000000000000000000000000400000304000211550531540445240424240244233322
000000000000000000000000000400000304000211550531540445240424240244233322 124433 100000300000102000104000504405503304504211554531542445243424245244233322
100000300000102000104000504405503304504211554531542445243424245244233322 443311 100000300000102000104000504405523304554211554531542445243424245244233322
100000300000102000104000504405523304554211554531542445243424245244233322 331124 100000303000102000104300504405503304504211554531542445243424245244233322
100000303000102000104300504405503304504211554531542445243424245244233322 112422 100000303100102100104300504405503304504211554531542445243424245244233322
=== end ===
000000000000000000000000000000000000000000000000000000000000000000000000 334424 000000000000000000000000000000000000000000000000000000000000000000033000
000000000000000000000000000000000000000000000000000000000000000000033000 442421 000000000000000000000000000000000000000000000000000000000000400000433000
000000000000000000000000000000000000000000000000000000000000400000433000 242144 000000000000000000000000000000000000000000000000000000000000442000433000
000000000000000000000000000000000000000000000000000000000000442000433000 214433 000000000000000000000000000000000000000000000000000000000000442100433200
000000000000000000000000000000000000000000000000000000000000442100433200 443342 000000000000000000000000000000000000000000000000004000004000442100433200
000000000000000000000000000000000000000000000000004000004000442100433200 334213 000000000000000000000000000000000000000000000000304000304000442100433200
000000000000000000000000000000000000000000000000304000304000442100433200 421331 000000000000000000000000000000000000000000000000304000304000442104433202
000000000000000000000000000000000000000000000000304000304000442104433202 133141 000000000000000000000000000000000000000000300000304000314000442104433202
000000000000000000000000000000000000000000300000304000314000442104433202 314121 000000000000000000000000000000000000440000310000314001314004442104433202
000000000000000000000000000000000000440000310000314001314004442104433202 412133 000000000000000000000000010000040000440000310000314001314004442104433202
000000000000000000000000010000040000440000310000314001314004442104433202 213313 000000000000000000000000010000040000440000310000314001314004442114433222
000000000000000000000000010000040000440000310000314001314004442114433222 331331 000000000000000000000000310000340000440000310000314001314004442114433222
000000000000000000000000310000340000440000310000314001314004442114433222 133112 000000030000030000130001310004340003441003313011314331314144442114433222
000000030000030000130001310004340003441003313011314331314144442114433222 311222 000000030002030001130001310004340003441103313211314331314144442114433222
000000030002030001130001310004340003441103313211314331314144442114433222 122234 000002030002030001130001310024340023441123313211314331314144442114433222
000002030002030001130001310024340023441123313211314331314144442114433222 223414 020002030002030001130001310024340023441123313211314331314144442114433222
020002030002030001130001310024340023441123313211314331314144442114433222 341442 000002000002000001000001000024000023000023001211014331124144442114433222
000002000002000001000001000024000023000023001211014331124144442114433222 144212 000002000002000001000001000024000423000123003211034331124144442114433222
000002000002000001000001000024000423000123003211034331124144442114433222 421232 000002000002000001000201000424000423000123003211034331124144442114433222
000002000002000001000201000424000423000123003211034331124144442114433222 123224 000002000002000201000201000424000423001123003211034331124144442114433222
=== end ===
