000000000000000000000000000000000000000000000000000000000000000000000000 142111 000000000000000000000000000000000000000000000000000000000000000000140000
000000000000000000000000000000000000000000000000000000000000000000140000 211124 000000000000000000000000000000000000000000000000000000000000120000140000
000000000000000000000000000000000000000000000000000000000000120000140000 112444 000000000000000000000000000000000000000000000000010000010000120000140000
000000000000000000000000000000000000000000000000010000010000120000140000 244412 000000000000000000000000000000000000000000000000010000010000122000144000
000000000000000000000000000000000000000000000000010000010000122000144000 441233 000000000000000000000000000000000000000000000000014000014000122000144000
000000000000000000000000000000000000000000000000014000014000122000144000 123343 000000000000000000000000000000000000000000000000014000014000122000144210
000000000000000000000000000000000000000000000000014000014000122000144210 334344 000000000000000000000000000000000000000000000000314000314000122000144210
000000000000000000000000000000000000000000000000314000314000122000144210 434433 000000000000000000000000000000000000000000430000314000314000122000144210
000000000000000000000000000000000000000000430000314000314000122000144210 443334 000000000000000000000000000000400000400000430000314000314000122000144210
000000000000000000000000000000400000400000430000314000314000122000144210 333421 000000000000000000000000000000430000430000430000314000314000122000144210
000000000000000000000000000000430000430000430000314000314000122000144210 342114 000000000000000000000000340000430000430000430000314000314000122000144210
000000000000000000000000340000430000430000430000314000314000122000144210 211413 000000000000000000000000340000430000430000430000314000314200122100144210
000000000000000000000000340000430000430000430000314000314200122100144210 141314 000000000000000000000000340000430000430000430000314000314240122110144210
000000000000000000000000340000430000430000430000314000314240122110144210 131412 000000000000000000000000340000430000430000430000314310314240122110144210
000000000000000000000000340000430000430000430000314310314240122110144210 141242 000000000000000000000000340000430000430000430010314310314240122110144214
000000000000000000000000340000430000430000430010314310314240122110144214 124244 000000000000000000000010340010430010430020430010314310314240122110144214
000000000000000000000010340010430010430020430010314310314240122110144214 424441 000000000000000000000010340010430010430220430410314310314240122110144214
000000000000000000000010340010430010430220430410314310314240122110144214 444143 000000000000000050500510340410430410430220430410314310314240122115144214
000000000000000050500510340410430410430220430410314310314240122115144214 414311 000000000000000050500510340410430410430220430410314311314244122115144214
000000000000000050500510340410430410430220430410314311314244122115144214 431113 000000000000300050540510340410430410430220430410314311314244122115144214
000000000000300050540510340410430410430220430410314311314244122115144214 111331 000000010000310050540510340410430410430220430410314311314244122115144214
000000010000310050540510340410430410430220430410314311314244122115144214 133114 300000110000310050540510340410430410430220430410314311314244122115144214
300000110000310050540510340410430410430220430410314311314244122115144214 311442 000000300000330050540510340410430410430220430410314311314244122115144214
000000300000330050540510340410430410430220430410314311314244122115144214 144211 000000300000330050540510340410430410430221430414314311314244122115144214
000000300000330050540510340410430410430221430414314311314244122115144214 421114 000000300000330150540510340410430410430221432111314311314244122115144211
000000300000330150540510340410430410430221432111314311314244122115144211 111414 000000300000330000540400340400430400430220432414314311314244122115144214
000000300000330000540400340400430400430220432414314311314244122115144214 141411 000000300000330000540400340400430410430224432414314311314244122115144214
000000300000330000540400340400430410430224432414314311314244122115144214 141132 000000300000330000540400340410430414430224432414314311314244122115144214
000000300000330000540400340410430414430224432414314311314244122115144214 113233 100000300000330000540400340410430414430224432414314311314244122115144214
100000300000330000540400340410430414430224432414314311314244122115144214 323332 130000320000330000540400340410430414430224432414314311314244122115144214
130000320000330000540400340410430414430224432414314311314244122115144214 333243 130000320300330300540400340410430414430224432414314311314244122115144214
130000320300330300540400340410430414430224432414314311314244122115144214 324313 000000000000000000000000000000000000130300120300314300314200122110144214
000000000000000000000000000000000000130300120300314300314200122110144214 431324 000000000000000000000000000000030000130300124300314300314200122110144214
000000000000000000000000000000030000130300124300314300314200122110144214 132442 000000000000000000000000300000130000130300124300314300314200122110144214
000000000000000000000000300000130000130300124300314300314200122110144214 244223 000000000000000000000000300000130000130300124300314300314202122114144214
000000000000000000000000300000130000130300124300314300314202122114144214 422344 000000000000000000000000300000130000130300124304314302314202122114144214
000000000000000000000000300000130000130300124304314302314202122114144214 234434 000000000000200000300000300000130000130300124304314302314202122114144214
000000000000200000300000300000130000130300124304314302314202122114144214 443443 000000000000200000300000300000130004130304124304314302314202122114144214
000000000000200000300000300000130004130304124304314302314202122114144214 344313 000000000000000000000000200000100004100304120304310302310202122114144214
000000000000000000000000200000100004100304120304310302310202122114144214 431332 000000000000000000000000200003100004100304120304310302310242122114144214
000000000000000000000000200003100004100304120304310302310242122114144214 133231 000000000000000000000000200303100104100304120304310302310242122114144214
000000000000000000000000200303100104100304120304310302310242122114144214 323113 000000000000000000000300200303100104100304120304310322310242122114144214
000000000000000000000300200303100104100304120304310322310242122114144214 311341 000000000000000003000301200303100104100304120304310322310242122114144214
000000000000000003000301200303100104100304120304310322310242122114144214 134123 000000000000000303500301210303140104134304124304312322311242122114144214
000000000000000303500301210303140104134304124304312322311242122114144214 412314 000000000000000303500301214303141104134304124304312322311242122114144214
000000000000000303500301214303141104134304124304312322311242122114144214 231422 000000000000200303530301214303141104134304124304312322311242122114144214
000000000000200303530301214303141104134304124304312322311242122114144214 142241 000000000100200303534301214303141104134304124304312322311242122114144214
000000000100200303534301214303141104134304124304312322311242122114144214 224123 200000200100200303534301214303141104134304124304312322311242122114144214
200000200100200303534301214303141104134304124304312322311242122114144214 412324 200100200100200303534301214303141104134304124304312322311242122114144214
200100200100200303534301214303141104134304124304312322311242122114144214 232441 000000000000000003000001000003030004030304220304312322311242122114144214
000000000000000003000001000003030004030304220304312322311242122114144214 244111 000000000000000000000000000000000000000000000000030400230300322303344303
000000000000000000000000000000000000000000000000030400230300322303344303 411142 000000000000000000000000000000000000000100000400030400230300322303344303
000000000000000000000000000000000000000100000400030400230300322303344303 114234 000000000000000000000000000100000100000100000400030400230300322303344303
=== end ===
000000000000000000000000000000000000000000000000000000000000000000000000 112323 000000000000000000000000000000000000000000000000000000000000100000100000
000000000000000000000000000000000000000000000000000000000000100000100000 232343 000000000000000000000000000000000000000000000000000000000000102000103000
000000000000000000000000000000000000000000000000000000000000102000103000 234313 000000000000000000000000000000000000000000000000000000000000122000133000
000000000000000000000000000000000000000000000000000000000000122000133000 431324 000000000000000000000000000000000000000000000000000000000000122400133300
000000000000000000000000000000000000000000000000000000000000122400133300 132444 000000000000000000000000000000000000000000000000000000001300122400133300
000000000000000000000000000000000000000000000000000000001300122400133300 244413 000000000000000000000000000000000000000000000000000000421300122400133300
000000000000000000000000000000000000000000000000000000421300122400133300 441334 000000000000000000000000000000000000000000000000000000421300122400133344
000000000000000000000000000000000000000000000000000000421300122400133344 133414 000000000000000000000000000000000000000000030000010000421300122400133344
000000000000000000000000000000000000000000030000010000421300122400133344 341442 000000000000000000000000000000000000000000330000410000421300122400133344
000000000000000000000000000000000000000000330000410000421300122400133344 144232 000000000000000000000000000000000000410000330000410000421300122400133344
000000000000000000000000000000000000410000330000410000421300122400133344 423233 000000000000000000000000000000000000410000330000410000421340122420133344
000000000000000000000000000000000000410000330000410000421340122420133344 323341 000000000000000000000000000000000000410000330000410000421343122422133344
000000000000000000000000000000000000410000330000410000421343122422133344 334141 000000000000000000000000000000000000410000330000410033421343122422133344
000000000000000000000000000000000000410000330000410033421343122422133344 414123 000000000000000000000000000000410000410000330000410033421343122422133344
000000000000000000000000000000410000410000330000410033421343122422133344 412333 000000000000000000000000410000410000410000330000410033421343122422133344
000000000000000000000000410000410000410000330000410033421343122422133344 233321 000000000000000000000000410000410000410000333000412033421343122422133344
000000000000000000000000410000410000410000333000412033421343122422133344 332122 000000000000000000000000000000000000000000000000002033021343122422133344
000000000000000000000000000000000000000000000000002033021343122422133344 212232 000000000000000000000000000000000000000000020000012033021343122422133344
000000000000000000000000000000000000000000020000012033021343122422133344 223214 000000000000000000000000000000020000020000020000012033021343122422133344
000000000000000000000000000000020000020000020000012033021343122422133344 321421 000000000000000000000000000000000000000000000000000033000043000322000444
000000000000000000000000000000000000000000000000000033000043000322000444 142122 000000000000000000000000000000000000000000000000000133000443000322000444
000000000000000000000000000000000000000000000000000133000443000322000444 212214 000000000000000000000000000000000000000000000012000133000443000322000444
000000000000000000000000000000000000000000000012000133000443000322000444 221424 000000000000000000000000000000000002000002000012000133000443000322000444
000000000000000000000000000000000002000002000012000133000443000322000444 142423 000000000000000000000000000000000002000402000112000133000443000322000444
000000000000000000000000000000000002000402000112000133000443000322000444 242343 000000000000000000000000000200000402000402000112000133000443000322000444
000000000000000000000000000200000402000402000112000133000443000322000444 234333 000000000000000000000200000200000402000432000112000133000443000322000444
000000000000000000000200000200000402000432000112000133000443000322000444 433333 000000000000000000000200000240000432000432000112000133000443000322000444
000000000000000000000200000240000432000432000112000133000443000322000444 333323 000000000550000555000235000243000432000432000112000133000443555322555444
000000000550000555000235000243000432000432000112000133000443555322555444 332331 000000000550000555000235000243000432000432000112003133003443555322555444
000000000550000555000235000243000432000432000112003133003443555322555444 233113 000000000550000555000235000243000432000432000112023133033443555322555444
000000000550000555000235000243000432000432000112023133033443555322555444 311312 000000000000000000000000000000000000000000000500000500000205520255550333
000000000000000000000000000000000000000000000500000500000205520255550333 131224 000000000000000000000000000000000000000000000000000500000500500200521205
000000000000000000000000000000000000000000000000000500000500500200521205 122411 000000000000000000000000000000000000000000000000000500002500501200521205
000000000000000000000000000000000000000000000000000500002500501200521205 241143 000000000000000000000000000000000000000000004000002500002500501200521205
000000000000000000000000000000000000000000004000002500002500501200521205 114324 000000000000000000000000000000000000000000004000002500102500511200521205
000000000000000000000000000000000000000000004000002500102500511200521205 432423 000000000000000000000000000000003000004000004000002500102500511200521205
000000000000000000000000000000003000004000004000002500102500511200521205 242341 000000000000000000000000000000003000004200004400002500102500511200521205
=== end ===
000000000000000000000000000000000000000000000000000000000000000000000000 233342 000000000000000000000000000000000000000000000000000000000000020000030000
000000000000000000000000000000000000000000000000000000000000020000030000 334213 000000000000000000000000000000000000000000000000000000000000320000330000
000000000000000000000000000000000000000000000000000000000000320000330000 421344 000000000000000000000000000000000000000000000000000000000000320000332400
000000000000000000000000000000000000000000000000000000000000320000332400 134411 000000000000000000000000000000000000000000000000010000030000320000332400
000000000000000000000000000000000000000000000000010000030000320000332400 441144 000000000000000000000000000000000000000000000000010000030000320000332444
000000000000000000000000000000000000000000000000010000030000320000332444 114424 000000000000000000000000000000000000000000000000110000130000320000332444
000000000000000000000000000000000000000000000000110000130000320000332444 442434 000000000000000000000000000000000000400000400000110000130000320000332444
000000000000000000000000000000000000400000400000110000130000320000332444 243412 000000000000000000000000000000000000400000400000110000134000322000332444
000000000000000000000000000000000000400000400000110000134000322000332444 341231 000000000000000000000000000000000000400000440000113000134000322000332444
000000000000000000000000000000000000400000440000113000134000322000332444 123141 000000000000000000000000000000000000400000440000113000134200322100332444
000000000000000000000000000000000000400000440000113000134200322100332444 314113 000000000000000000000000000000000000400000440000113000134230322110332444
000000000000000000000000000000000000400000440000113000134230322110332444 411341 000000000000000000000000000000000000404000441000113000134230322110332444
000000000000000000000000000000000000404000441000113000134230322110332444 134142 000000000000000000000000000000000000404000441000113000134233322111332444
000000000000000000000000000000000000404000441000113000134233322111332444 414242 000000000000000000000000000000004000414000441000113000134233322111332444
000000000000000000000000000000004000414000441000113000134233322111332444 424214 000000000000000000000000000000004000414000441000113420134233322111332444
000000000000000000000000000000004000414000441000113420134233322111332444 421424 000000000000000000000000000000004000414000441420113420134233322111332444
000000000000000000000000000000004000414000441420113420134233322111332444 142443 000000000000000000000000040000014000414000441420113420134233322111332444
000000000000000000000000040000014000414000441420113420134233322111332444 244311 000000000000000000000000440000214000414000441420113420134233322111332444
000000000000000000000000440000214000414000441420113420134233322111332444 431111 000000000000000000000000440000214000414040441420113423134233322111332444
000000000000000000000000440000214000414040441420113423134233322111332444 111142 000000000000000000000000440000214100414140441420113423134233322111332444
000000000000000000000000440000214100414140441420113423134233322111332444 114241 000000000000000000000000440000214000414040441420113423134233322111332444
000000000000000000000000440000214000414040441420113423134233322111332444 424112 000000000000000000240000440000214000414040441420113423134233322111332444
000000000000000000240000440000214000414040441420113423134233322111332444 411224 000000000000000000240000440000214040414140441420113423134233322111332444
000000000000000000240000440000214040414140441420113423134233322111332444 122433 000000000000000000240000440100214240414140441420113423134233322111332444
000000000000000000240000440100214240414140441420113423134233322111332444 243331 000000000000000000240020440140214240414140441420113423134233322111332444
000000000000000000240020440140214240414140441420113423134233322111332444 333123 000000000030000030240020440140214240414140441420113423134233322111332444
000000000030000030240020440140214240414140441420113423134233322111332444 312331 000000000030000030240020440140214240414143441421113423134233322111332444
000000000030000030240020440140214240414143441421113423134233322111332444 233134 000000000030230030240020440140214240414143441421113423134233322111332444
000000000030230030240020440140214240414143441421113423134233322111332444 313422 000000000030230030243020441140214240414143441421113423134233322111332444
000000000030230030243020441140214240414143441421113423134233322111332444 342243 000000040030233030243020441140214240414143441421113423134233322111332444
000000040030233030243020441140214240414143441421113423134233322111332444 224323 020000040030233030243020441140214240414143441421113423134233322111332444
020000040030233030243020441140214240414143441421113423134233322111332444 432344 000000000030000030000020001140014240414143441421113423134233322111332444
000000000030000030000020001140014240414143441421113423134233322111332444 234434 000000000030000030000020001142014243414143441421113423134233322111332444
000000000030000030000020001142014243414143441421113423134233322111332444 443433 000000000030000430000420001142014243414143441421113423134233322111332444
000000000030000430000420001142014243414143441421113423134233322111332444 343341 000000000000000005005005055505055555555552551151533153534233322111332444
000000000000000005005005055505055555555552551151533153534233322111332444 334134 000000000000000005005035055535055555555552551151533153534233322111332444
000000000000000005005035055535055555555552551151533153534233322111332444 413443 000000000000000105005435055535055555555552551151533153534233322111332444
000000000000000105005435055535055555555552551151533153534233322111332444 344322 000000000040000135005435055535055555555552551151533153534233322111332444
000000000040000135005435055535055555555552551151533153534233322111332444 432211 000040000345005135055435055535555555555552551151533153534233322111332444
000040000345005135055435055535555555555552551151533153534233322111332444 221131 000040000345005135255435255535555555555552551151533153534233322111332444
000040000345005135255435255535555555555552551151533153534233322111332444 113121 000040000345115135255435255535555555555552551151533153534233322111332444
000040000345115135255435255535555555555552551151533153534233322111332444 312112 300040100345115135255435255535555555555552551151533153534233322111332444
300040100345115135255435255535555555555552551151533153534233322111332444 211223 000040000345300135225435255535555555555552551151533153534233322111332444
000040000345300135225435255535555555555552551151533153534233322111332444 122342 005545005345005135551435555535355555555552551151533153534233322111332444
005545005345005135551435555535355555555552551151533153534233322111332444 234233 000545005345325135551435555535355555555552551151533153534233322111332444
000545005345325135551435555535355555555552551151533153534233322111332444 423321 000545425345325135551435555535355555555552551151533153534233322111332444
000545425345325135551435555535355555555552551151533153534233322111332444 332132 300545425345325135551435555535355555555552551151533153534233322111332444
300545425345325135551435555535355555555552551151533153534233322111332444 213224 320545425345325135551435555535355555555552551151533153534233322111332444
320545425345325135551435555535355555555552551151533153534233322111332444 322443 305545405345353135511435555535355555555552551151533153534233322111332444
=== end ===
000000000000000000000000000000000000000000000000000000000000000000000000 241421 000000000000000000000000000000000000000000000000000000000000000000420000
000000000000000000000000000000000000000000000000000000000000000000420000 142113 000000000000000000000000000000000000000000000000000000000000410000420000
000000000000000000000000000000000000000000000000000000000000410000420000 211313 000000000000000000000000000000000000000000000000000000000000411000422000
000000000000000000000000000000000000000000000000000000000000411000422000 131333 000000000000000000000000000000000000000000000000000000000000411000422130
000000000000000000000000000000000000000000000000000000000000411000422130 133311 000000000000000000000000000000000000000000000000000000000100411300422130
000000000000000000000000000000000000000000000000000000000100411300422130 331141 000000000000000000000000000000000000000000000300000300000100411300422130
000000000000000000000000000000000000000000000300000300000100411300422130 114123 000000000000000000000000000000000000000000000300000300000100411301422131
000000000000000000000000000000000000000000000300000300000100411301422131 412344 000000000000000000000000000000000000000000000300000304000101411301422131
000000000000000000000000000000000000000000000300000304000101411301422131 234413 000000000000000000000000000000000000000000000300000304000121411331422131
000000000000000000000000000000000000000000000300000304000121411331422131 441323 000000000000000000000000000000000000000000000300000304044121411331422131
000000000000000000000000000000000000000000000300000304044121411331422131 132343 000000000000000000000000000000000000000003000301000304044121411331422131
000000000000000000000000000000000000000003000301000304044121411331422131 234312 000000000000000000000000000000000000000003000301023304044121411331422131
000000000000000000000000000000000000000003000301023304044121411331422131 431223 000000000000000000000000000000000003000003000301023344044121411331422131
000000000000000000000000000000000003000003000301023344044121411331422131 122324 000000000000000000000000000000000003000003000301223344144121411331422131
000000000000000000000000000000000003000003000301223344144121411331422131 232434 000000000000000000000000000000000303000203000301223344144121411331422131
000000000000000000000000000000000303000203000301223344144121411331422131 243422 000000000000000000000000000000000303000223000341223344144121411331422131
000000000000000000000000000000000303000223000341223344144121411331422131 342231 000000000000000000000000000300000343000223000341223344144121411331422131
000000000000000000000000000300000343000223000341223344144121411331422131 223132 000000000000000200000200000300000343000223000341223344144121411331422131
000000000000000200000200000300000343000223000341223344144121411331422131 313221 000000000000000200000201000303000343000223000341223344144121411331422131
000000000000000200000201000303000343000223000341223344144121411331422131 322113 000000000000000000000000000000000000000000000300223300144120411330422130
000000000000000000000000000000000000000000000300223300144120411330422130 211323 000000000000000000000000000000000000000000000310223320144120411330422130
000000000000000000000000000000000000000000000310223320144120411330422130 132333 000000000000000000000000000000000030000010000310223320144120411330422130
000000000000000000000000000000000030000010000310223320144120411330422130 233324 000000000000000000000030000020000030000010000310223320144120411330422130
000000000000000000000030000020000030000010000310223320144120411330422130 332434 000000000000000000000030000020000030030010030310223320144120411330422130
000000000000000000000030000020000030030010030310223320144120411330422130 243424 000000000000000000000030000020000030034010032310223320144120411330422130
000000000000000000000030000020000030034010032310223320144120411330422130 342433 000000000000000000000030003020004030034010032310223320144120411330422130
000000000000000000000030003020004030034010032310223320144120411330422130 243322 000000000000000000000030023020044030034010032310223320144120411330422130
000000000000000000000030023020044030034010032310223320144120411330422130 332244 000000000000003000003030023020044030034010032310223320144120411330422130
000000000000003000003030023020044030034010032310223320144120411330422130 224433 000000000000023000023030023020044030034010032310223320144120411330422130
=== end ===
000000000000000000000000000000000000000000000000000000000000000000000000 143131 000000000000000000000000000000000000000000000000000000000000000000140000
000000000000000000000000000000000000000000000000000000000000000000140000 313113 000000000000000000000000000000000000000000000000000000000000130000140000
000000000000000000000000000000000000000000000000000000000000130000140000 311311 000000000000000000000000000000000000000000000000000000130000130000140000
000000000000000000000000000000000000000000000000000000130000130000140000 131111 000000000000000000000000000000000000000000000000310000130000130000140000
000000000000000000000000000000000000000000000000310000130000130000140000 111132 000000000000000000000000000000000000000000000000310000130000130100140100
000000000000000000000000000000000000000000000000310000130000130100140100 113242 000000000000000000000000000000000000010000010000310000130000130100140100
000000000000000000000000000000000000010000010000310000130000130100140100 324223 000000000000000000000000000000000000210000310000310000130000130100140100
000000000000000000000000000000000000210000310000310000130000130100140100 422322 000000000000000000000000000000000000210000310000310200130400130100140100
000000000000000000000000000000000000210000310000310200130400130100140100 232211 000000000000000000000000000000230000210000310000310200130400130100140100
000000000000000000000000000000230000210000310000310200130400130100140100 221143 000000000000000000020000020000230000210000310000310200130400130100140100
000000000000000000020000020000230000210000310000310200130400130100140100 114334 000000000000000000120000120000230000210000310000310200130400130100140100
000000000000000000120000120000230000210000310000310200130400130100140100 433433 000000000000000000120000120000230000210000310000310200130400130130140140
000000000000000000120000120000230000210000310000310200130400130130140140 343344 000000000000000000120000120000230000210000310000310200130400130133140144
000000000000000000120000120000230000210000310000310200130400130133140144 334413 000000300000300000120000120000230000210000310000310200130400130133140144
000000300000300000120000120000230000210000310000310200130400130133140144 441311 000000300000300000120000120000230000210000310000310200130400134133144144
000000300000300000120000120000230000210000310000310200130400134133144144 131122 000000300000300000120000120000230000210000310000310200130413134133144144
000000300000300000120000120000230000210000310000310200130413134133144144 112242 000000310000310000120000120000230000210000310000310200130413134133144144
000000310000310000120000120000230000210000310000310200130413134133144144 224212 000000310000310000120000120000230000210000310000310222130413134133144144
000000310000310000120000120000230000210000310000310222130413134133144144 421223 000000310000310000120000120000230000210000310000314222132413134133144144
000000310000310000120000120000230000210000310000314222132413134133144144 122343 000000310000310000120000120000230000210000310000314100132413134133144144
000000310000310000120000120000230000210000310000314100132413134133144144 234321 000000310000310000120000120000230000210000310003314102132413134133144144
000000310000310000120000120000230000210000310003314102132413134133144144 432143 000000310000310000120000120000230004210003310003314102132413134133144144
000000310000310000120000120000230004210003310003314102132413134133144144 214334 000000310000310000120000120000230004210003310103314122132413134133144144
000000310000310000120000120000230004210003310103314122132413134133144144 433433 000000310000310000120000120000230004213003314103314122132413134133144144
000000310000310000120000120000230004213003314103314122132413134133144144 343344 000000310000310000120000124000233004213003314103314122132413134133144144
000000310000310000120000124000233004213003314103314122132413134133144144 334441 030000310000310000120000124000233004213003314103314122132413134133144144
030000310000310000120000124000233004213003314103314122132413134133144144 444113 030000310000314000124000124000233004213003314103314122132413134133144144
030000310000314000124000124000233004213003314103314122132413134133144144 411343 030000310000314000124001124004233004213003314103314122132413134133144144
030000310000314000124001124004233004213003314103314122132413134133144144 134322 000000000000000000000001000004000004010103310103310122132413134133144144
=== end ===
000000000000000000000000000000000000000000000000000000000000000000000000 444441 000000000000000000000000000000000000000000000000000000000000004000004000
000000000000000000000000000000000000000000000000000000000000004000004000 444124 000000000000000000000000000000000000000000000000000000000000000000000000
000000000000000000000000000000000000000000000000000000000000000000000000 412441 000000000000000000000000000000000000000000000000000000000000000100000400
000000000000000000000000000000000000000000000000000000000000000100000400 244123 000000000000000000000000000000000000000000000000000200000400000100000400
000000000000000000000000000000000000000000000000000200000400000100000400 412343 000000000000000000000000000000000000000000000000000200000400000110000440
000000000000000000000000000000000000000000000000000200000400000110000440 234322 000000000000000000000000000000000000000000000000000230000420000110000440
000000000000000000000000000000000000000000000000000230000420000110000440 432224 000000000000000000000000000000000000000000000030000230000420000110000444
000000000000000000000000000000000000000000000030000230000420000110000444 222411 000000000000000000000000000000000000000000000030000230000422000112000444
000000000000000000000000000000000000000000000030000230000422000112000444 241112 000000000000000000000000000000000000000400000230000230000422000112000444
000000000000000000000000000000000000000400000230000230000422000112000444 111242 000000000000000000000000000000000000000400000231000231000422000112000444
000000000000000000000000000000000000000400000231000231000422000112000444 124212 000000000000000000000000000000000000000421000231000231000422000112000444
000000000000000000000000000000000000000421000231000231000422000112000444 421242 000000000000000000000000000000000420000421000231000231000422000112000444
000000000000000000000000000000000420000421000231000231000422000112000444 124232 000000000000000000000000000001000422000421000231000231000422000112000444
000000000000000000000000000001000422000421000231000231000422000112000444 423241 000000000000000000000200000401000422000421000231000231000422000112000444
000000000000000000000200000401000422000421000231000231000422000112000444 324141 000000000300000200000200000401000422000421000231000231000422000112000444
000000000300000200000200000401000422000421000231000231000422000112000444 414144 000000000000000000000000000000000000000000000030000330000422000112000444
000000000000000000000000000000000000000000000030000330000422000112000444 414422 000000000000000000000000000000000000000000000034000331000422000112000444
000000000000000000000000000000000000000000000034000331000422000112000444 442231 000000000000000000000000000000000000000044000034000331000422000112000444
000000000000000000000000000000000000000044000034000331000422000112000444 223111 000000000000000000000000000002000002000044000034000331000422000112000444
000000000000000000000000000002000002000044000034000331000422000112000444 311144 000000000000000000000000000002000032000044000134000331000422000112000444
000000000000000000000000000002000032000044000134000331000422000112000444 114432 000000000000000000000000000002000032000044000134000331000422000112011444
000000000000000000000000000002000032000044000134000331000422000112011444 443222 000000000000000000000000000002000032000044000134000331000422044112011444
000000000000000000000000000002000032000044000134000331000422044112011444 322232 000000000000000000000020000032000032000044000134000331000422044112011444
000000000000000000000020000032000032000044000134000331000422044112011444 223224 000000000020000020000020000032000032000044000134000331000422044112011444
000000000020000020000020000032000032000044000134000331000422044112011444 322411 000000000020000020000020000032000032000044000134020331030422044112011444
000000000020000020000020000032000032000044000134020331030422044112011444 241133 000000000000000000000000000000000000000000000000020100030400044111011444
000000000000000000000000000000000000000000000000020100030400044111011444 113311 000000000000000000000000000000000000000100000100020100030400044111011444
000000000000000000000000000000000000000100000100020100030400044111011444 331142 000000000000000000000000000000000000000100000100020103030403044111011444
000000000000000000000000000000000000000100000100020103030403044111011444 114231 000000000000000000000000000000000000000101000101020103030403044111011444
000000000000000000000000000000000000000101000101020103030403044111011444 423121 000000000000000000000000000000000000000101000101020103030403444111211444
000000000000000000000000000000000000000101000101020103030403444111211444 312141 000000000000000000000000000003000001000101000101020103030403444111211444
000000000000000000000000000003000001000101000101020103030403444111211444 214131 000000000000000000000001000003000001000101000101020103030423444111211444
000000000000000000000001000003000001000101000101020103030423444111211444 413131 000000000004000001000001000003000001000101000101020103030423444111211444
000000000004000001000001000003000001000101000101020103030423444111211444 313123 000001000004000001000001000003000001000101000101020133030423444111211444
000001000004000001000001000003000001000101000101020133030423444111211444 312333 000001000004000001000001000003000001000001000001020033033423444111211444
000001000004000001000001000003000001000001000001020033033423444111211444 233332 000001000004000001000001000003000001000001002001023533033423444111211444
000001000004000001000001000003000001000001002001023533033423444111211444 333214 000001000004000001000001000003000001000301002301023533033423444111211444
000001000004000001000001000003000001000301002301023533033423444111211444 321441 000001000004000001000001000003000001000301002301323533233423444111211444
000001000004000001000001000003000001000301002301323533233423444111211444 144133 000001000004000001000001000003000001000301412301323533233423444111211444
000001000004000001000001000003000001000301412301323533233423444111211444 413332 000001000004000001000001000003000001410301412301323533233423444111211444
000001000004000001000001000003000001410301412301323533233423444111211444 333211 000001000004000001000001300003300001410301412301323533233423444111211444
000001000004000001000001300003300001410301412301323533233423444111211444 321113 000001000004000001000001300003330001412301412301323533233423444111211444
000001000004000001000001300003330001412301412301323533233423444111211444 111324 000001000004000001000001000003405501402301402351323533233423444111211444
000001000004000001000001000003405501402301402351323533233423444111211444 132413 000000000000000000000000000000000000405000402000402000323000233005211021
000000000000000000000000000000000000405000402000402000323000233005211021 241334 000000000000000000000000000000000000405000402000402000323000233405211221
000000000000000000000000000000000000405000402000402000323000233405211221 133442 000000000000000000000000000000000000405000402000402300323100233405211221
000000000000000000000000000000000000405000402000402300323100233405211221 344214 000000000000000000000000000000000000405000402000402303323104233405211221
000000000000000000000000000000000000405000402000402303323104233405211221 421422 000000000000000000000000000000000000405200402400402303323104233405211221
000000000000000000000000000000000000405200402400402303323104233405211221 142223 000000000000000000000000000000000000405200402400402303323114233445211221
000000000000000000000000000000000000405200402400402303323114233445211221 222342 000000000000000000000000000000000000405202402402402303323114233445211221
000000000000000000000000000000000000405202402402402303323114233445211221 234224 000000000000000000000000000003000002405202402402402303323114233445211221
000000000000000000000000000003000002405202402402402303323114233445211221 422411 000000000000000000000000000003004202405202402402402303323114233445211221
000000000000000000000000000003004202405202402402402303323114233445211221 241114 000000000000000000000000004203004202405202402402402303323114233445211221
000000000000000000000000004203004202405202402402402303323114233445211221 111424 000000000000000001000001004203004202405202402402402303323114233445211221
000000000000000001000001004203004202405202402402402303323114233445211221 142414 005505005505005501001501554253554252555252552452552353323114233445211221
=== end ===
000000000000000000000000000000000000000000000000000000000000000000000000 223213 000000000000000000000000000000000000000000000000000000000000000000000000
000000000000000000000000000000000000000000000000000000000000000000000000 321333 000000000000000000000000000000000000000000000000000000000000331000222000
000000000000000000000000000000000000000000000000000000000000331000222000 133321 000000000000000000000000000000000000000000040000010000320000331300222300
000000000000000000000000000000000000000000040000010000320000331300222300 332143 000000000000000000000000000000000000000000040000010000320000331320222330
000000000000000000000000000000000000000000040000010000320000331320222330 214344 000000000000000000000000000000000000000000040000010000320000331321222332
000000000000000000000000000000000000000000040000010000320000331321222332 434442 000000000000000000000000000000000000000000040000014000323000331321222332
000000000000000000000000000000000000000000040000014000323000331321222332 444223 000000000000000000000000000000000000000000440000414000323000331321222332
000000000000000000000000000000000000000000440000414000323000331321222332 422324 000000000000000000000000000000000000000000440000414400323200331321222332
000000000000000000000000000000000000000000440000414400323200331321222332 232434 000000000000000000000000000000000000000000442300414400323200331321222332
000000000000000000000000000000000000000000442300414400323200331321222332 243423 000000000000000000000000000000004000002000442300414400323200331321222332
000000000000000000000000000000004000002000442300414400323200331321222332 342332 000000000000000000003000004000004000002000442300414400323200331321222332
000000000000000000003000004000004000002000442300414400323200331321222332 233212 000000000000000000003000004000004300002200442300414400323200331321222332
000000000000000000003000004000004300002200442300414400323200331321222332 321222 000000000000000000003200004300004300002200442300414400323200331321222332
000000000000000000003200004300004300002200442300414400323200331321222332 122231 000000000000000000000000000000000000000000010000010200323200331321222332
000000000000000000000000000000000000000000010000010200323200331321222332 223123 000000000000000000000000000000020000020000010000010200323200331321222332
000000000000000000000000000000020000020000010000010200323200331321222332 312333 000000000000000000000000000000020000020000310000110200323200331321222332
000000000000000000000000000000020000020000310000110200323200331321222332 233343 000000000000000000000000000000320000220000310000110200323200331321222332
000000000000000000000000000000320000220000310000110200323200331321222332 334324 000000000000000000300000300000320000220000310000110200323200331321222332
000000000000000000300000300000320000220000310000110200323200331321222332 432424 000000300000400000300000300000320000220000310000110200323200331321222332
000000300000400000300000300000320000220000310000110200323200331321222332 242432 200000300000400000300000340000320000220000310000110200323200331321222332
200000300000400000300000340000320000220000310000110200323200331321222332 243241 200000300000420000340000340000320000220000310000110200323200331321222332
200000300000420000340000340000320000220000310000110200323200331321222332 324123 200000300000420000340000340000320000220300310200110200323200331321222332
200000300000420000340000340000320000220300310200110200323200331321222332 412333 210000340000420000340000340000320000220300310200110200323200331321222332
210000340000420000340000340000320000220300310200110200323200331321222332 233312 210000340000420000340000340300320200220300310200110200323200331321222332
210000340000420000340000340300320200220300310200110200323200331321222332 331242 210000340000420000340000340300320200220300310200110230323230331321222332
210000340000420000340000340300320200220300310200110230323230331321222332 124231 210000340000420000340000340300320200220300310200110232323231331321222332
210000340000420000340000340300320200220300310200110232323231331321222332 423141 210000340000420000340000340300320200220304310202110232323231331321222332
210000340000420000340000340300320200220304310202110232323231331321222332 314121 210000340000420000340100340300320200220304310232110232323231331321222332
210000340000420000340100340300320200220304310232110232323231331321222332 412143 210000340000420000340100340301320204220304310232110232323231331321222332
210000340000420000340100340301320204220304310232110232323231331321222332 214314 210000340000420002340101340301320204220304310232110232323231331321222332
210000340000420002340101340301320204220304310232110232323231331321222332 431413 550000340000420002340001340001320004220004310002110002320001331041222122
550000340000420002340001340001320004220004310002110002320001331041222122 141313 210000340000420002340001340001320004220034310012110212324141331441222122
210000340000420002340001340001320004220034310012110212324141331441222122 131314 210014340021420022340031340411320334220134314212114212324141331441222122
210014340021420022340031340411320334220134314212114212324141331441222122 131433 550000340000420000340000340304320404220104314212114212324141331441222122
550000340000420000340000340304320404220104314212114212324141331441222122 143334 550000340000420000340000340000320000220300314202114202324141331441222122
550000340000420000340000340000320000220300314202114202324141331441222122 333414 210000340000420000340004340304320304220303314242114212324141331441222122
210000340000420000340004340304320304220303314242114212324141331441222122 341422 210000340000420000340000340300320310220343310242110212321141331441222122
210000340000420000340000340300320310220343310242110212321141331441222122 142221 210000340000420000340040340310320310220343310242110212321141331441222122
210000340000420000340040340310320310220343310242110212321141331441222122 222123 210000340000420200340240340310320310220343310242110212321141331441222122
210000340000420200340240340310320310220343310242110212321141331441222122 212333 210000340000420200340240340312320311220343310242110212321141331441222122
210000340000420200340240340312320311220343310242110212321141331441222122 233312 210000340000420200340240340312320311220343313242112212321141331441222122
210000340000420200340240340312320311220343313242112212321141331441222122 331242 210000340000420000340040340052320011220043310042110012321141331441222122
210000340000420000340040340052320011220043310042110012321141331441222122 124223 550000340000420000340040340012320011221243312142114212321141331441222122
550000340000420000340040340012320011221243312142114212321141331441222122 422312 210000340000420000340040340412320411221243312142114212321141331441222122
210000340000420000340040340412320411221243312142114212321141331441222122 231224 210000340000420000340040342412323411221243312142114212321141331441222122
210000340000420000340040342412323411221243312142114212321141331441222122 122411 510000340000420000342140342412323411221243312142114212321141331441222122
510000340000420000342140342412323411221243312142114212321141331441222122 241134 000555000555005455005145005412005411005243553142552212554141551441551122
=== end ===
000000000000000000000000000000000000000000000000000000000000000000000000 213313 000000000000000000000000000000000000000000000000000000000000020000010000
000000000000000000000000000000000000000000000000000000000000020000010000 331321 000000000000000000000000000000000000000000000000000000000000320000310000
000000000000000000000000000000000000000000000000000000000000320000310000 132122 000000000000000000000000000000000000000000000000100000300000320000310000
000000000000000000000000000000000000000000000000100000300000320000310000 212223 000000000000000000000000000000000000000000000000100000300000322000311000
000000000000000000000000000000000000000000000000100000300000322000311000 222341 000000000000000000000000000000000000200000200000100000300000322000311000
000000000000000000000000000000000000200000200000100000300000322000311000 234124 000000000000000000000000000000000000200000200000102000303000322000311000
000000000000000000000000000000000000200000200000102000303000322000311000 412411 000000000000000000000000000000000000200000200000102000303000322000311140
000000000000000000000000000000000000200000200000102000303000322000311140 241123 000000000000000000000000000000000000200000200000102000303000322002311144
000000000000000000000000000000000000200000200000102000303000322002311144 112332 000000000000000000000000100000100000200000200000102000303000322002311144
000000000000000000000000100000100000200000200000102000303000322002311144 233243 000000000000000000000000100000100000200000200000132000323000322002311144
000000000000000000000000100000100000200000200000132000323000322002311144 324313 000000000000000000000000100000100000220000230000132000323000322002311144
000000000000000000000000100000100000220000230000132000323000322002311144 431343 000000000000000000000000100000100000220000230000132000323000322432311144
000000000000000000000000100000100000220000230000132000323000322432311144 134333 000000000000000000000000100000100000220000230000132001323003322432311144
000000000000000000000000100000100000220000230000132001323003322432311144 433322 000000000000000000000000100000100000220000230000132041323033322432311144
000000000000000000000000100000100000220000230000132041323033322432311144 332211 000000000000000000000000130000130000220000230000132041323033322432311144
000000000000000000000000130000130000220000230000132041323033322432311144 221112 000000000000000000000000130000130000220000230000132241323233322432311144
000000000000000000000000130000130000220000230000132241323233322432311144 111244 000000000000000000000000130000130000220001230001132241323233322432311144
000000000000000000000000130000130000220001230001132241323233322432311144 124412 000000000000200000100000130000130000220001230001132241323233322432311144
000000000000200000100000130000130000220001230001132241323233322432311144 441214 000000000000200000100000130000130000220001234401132241323233322432311144
000000000000200000100000130000130000220001234401132241323233322432311144 121433 200000100000200000100000130000130000220001234401132241323233322432311144
200000100000200000100000130000130000220001234401132241323233322432311144 143331 200000100000200000100000130000130100220401234401132241323233322432311144
200000100000200000100000130000130100220401234401132241323233322432311144 333134 200000100000200000100000130000130100220431234431132241323233322432311144
200000100000200000100000130000130100220431234431132241323233322432311144 313431 200000100000200000100000130100130100223431234431132241323233322432311144
200000100000200000100000130100130100223431234431132241323233322432311144 343141 200000100000200000100300130100134100223431234431132241323233322432311144
200000100000200000100300130100134100223431234431132241323233322432311144 314133 200000100000200000100300130110134130223431234431132241323233322432311144
200000100000200000100300130110134130223431234431132241323233322432311144 413344 200000100000200100100300134110134130223431234431132241323233322432311144
200000100000200100100300134110134130223431234431132241323233322432311144 334444 200000100000200130100330134110134130223431234431132241323233322432311144
200000100000200130100330134110134130223431234431132241323233322432311144 444433 200000100000200130100330134114134134223431234431132241323233322432311144
200000100000200130100330134114134134223431234431132241323233322432311144 443344 200000100040200130100334134114134134223431234431132241323233322432311144
200000100040200130100334134114134134223431234431132241323233322432311144 334432 200030100040200130100334134114134134223431234431132241323233322432311144
200030100040200130100334134114134134223431234431132241323233322432311144 443231 200430100440200130100334134114134134223431234431132241323233322432311144
200430100440200130100334134114134134223431234431132241323233322432311144 323141 200430100440220130130334134114134134223431234431132241323233322432311144
200430100440220130130334134114134134223431234431132241323233322432311144 314143 000000000000000000000000000000000000200001133001232241323233322432311144
000000000000000000000000000000000000200001133001232241323233322432311144 414343 000000000000000003000001000031000044200041133031232241323233322432311144
000000000000000003000001000031000044200041133031232241323233322432311144 434311 000000000000000003000001030031040044241041133031232241323233322432311144
=== end ===
000000000000000000000000000000000000000000000000000000000000000000000000 431141 000000000000000000000000000000000000000000000000000000000000040000030000
000000000000000000000000000000000000000000000000000000000000040000030000 114132 000000000000000000000000000000000000000000000000000000000000140000130000
000000000000000000000000000000000000000000000000000000000000140000130000 413212 000000000000000000000000000000000000000000000000000000140000140000130000
000000000000000000000000000000000000000000000000000000140000140000130000 321222 000000000000000000000000000000000000000000000000000000140000140000133200
000000000000000000000000000000000000000000000000000000140000140000133200 122241 000000000000000000000000000000000000000000000000000000140000142100133200
000000000000000000000000000000000000000000000000000000140000142100133200 224123 000000000000000000000000000000000000000000000000000000140000142100133222
000000000000000000000000000000000000000000000000000000140000142100133222 412313 000000000000000000000000000000000000000000000000410000140000142100133222
000000000000000000000000000000000000000000000000410000140000142100133222 231334 000000000000000000000000000000000000000000000000410000143200142100133222
000000000000000000000000000000000000000000000000410000143200142100133222 133433 000000000000000000000000000000000000000000000000410000143203142101133222
000000000000000000000000000000000000000000000000410000143203142101133222 343344 000000000000000000000000000000000000000000000000413400143203142101133222
000000000000000000000000000000000000000000000000413400143203142101133222 334421 000000000000000000000000000000000000030000030000413400143203142101133222
000000000000000000000000000000000000030000030000413400143203142101133222 442121 000000000000000000000000000000000000430000430000413400143203142101133222
000000000000000000000000000000000000430000430000413400143203142101133222 212114 000000000000000000000000000000000000430000430000413400143223142111133222
000000000000000000000000000000000000430000430000413400143223142111133222 211443 000000000000000000000000000000000000431000432000413400143223142111133222
000000000000000000000000000000000000431000432000413400143223142111133222 144332 000000000000000000000000400000100000431000432000413400143223142111133222
000000000000000000000000400000100000431000432000413400143223142111133222 433222 000000000000000000000000400000100000431000432000413443143223142111133222
000000000000000000000000400000100000431000432000413443143223142111133222 322213 000000000000000000000000400000100000431002432003413443143223142111133222
000000000000000000000000400000100000431002432003413443143223142111133222 221322 000000000000000000000000400000100000431022432023413443143223142111133222
000000000000000000000000400000100000431022432023413443143223142111133222 132242 000000000000000000000000430000110000431022432023413443143223142111133222
000000000000000000000000430000110000431022432023413443143223142111133222 224233 000000000000200000200000430000110000431022432023413443143223142111133222
000000000000200000200000430000110000431022432023413443143223142111133222 423314 400000200000200000200000430000110000431022432023413443143223142111133222
400000200000200000200000430000110000431022432023413443143223142111133222 331432 400000250000230000230000430000115050431022432023413443143223142111133222
400000250000230000230000430000115050431022432023413443143223142111133222 143221 400000250000230000230000431000115050431022432423413443143223142111133222
400000250000230000230000431000115050431022432423413443143223142111133222 322124 400000250000230000230000431000115000431000432400413440143220142111133222
400000250000230000230000431000115000431000432400413440143220142111133222 212424 400000250000230000230000431000115100431200432400413440143220142111133222
400000250000230000230000431000115100431200432400413440143220142111133222 242442 400000250000230000230000431000115100431200432420413440143224142111133222
400000250000230000230000431000115100431200432420413440143224142111133222 244234 400000250000230000230400431200115100431200432420413440143224142111133222
400000250000230000230400431200115100431200432420413440143224142111133222 423421 000000000000000000000000000000550000430000230000230000211000431000132400
000000000000000000000000000000550000430000230000230000211000431000132400 342131 000000000000000000000000000000550000430000230000230000211300431400132400
000000000000000000000000000000550000430000230000230000211300431400132400 213132 000000000000000000000000000000550000430000230000232100211300431400132400
000000000000000000000000000000550000430000230000232100211300431400132400 313211 000000000000000000000000000000550000430000230000232100211300431430132410
000000000000000000000000000000550000430000230000232100211300431430132410 321143 000000000000000000000000000000550000430000230000232120211330431430132410
000000000000000000000000000000550000430000230000232120211330431430132410 114332 000000000000000000000000000000550000431000231000232120211330431430132410
000000000000000000000000000000550000431000231000232120211330431430132410 433233 000000000000000000000000003000554000431000231000232120211330431430132410
000000000000000000000000003000554000431000231000232120211330431430132410 323314 000000000000000000000000003000554000431030231020232120211330431430132410
000000000000000000000000003000554000431030231020232120211330431430132410 331411 000000000000000000000000003000504000431030231020232120211330431430132410
000000000000000000000000003000504000431030231020232120211330431430132410 141111 000000000000001000034000033000554000431030231020232120211330431430132410
000000000000001000034000033000554000431030231020232120211330431430132410 111113 000000010000011000034000033000554000431030231020232120211330431430132410
000000010000011000034000033000554000431030231020232120211330431430132410 111332 555050515050511050534550533510554510431530231525232125211335431435132415
=== end ===
000000000000000000000000000000000000000000000000000000000000000000000000 114433 000000000000000000000000000000000000000000000000000000000000000000000110
000000000000000000000000000000000000000000000000000000000000000000000110 443324 000000000000000000000000000000000000000000000000000000000000000440000110
000000000000000000000000000000000000000000000000000000000000000440000110 332414 000000000000000000000000000000000000000000000000000000000000000443000113
000000000000000000000000000000000000000000000000000000000000000443000113 241422 000000000000000000000000000000000000000000000000000000000000002443004113
000000000000000000000000000000000000000000000000000000000000002443004113 142243 000000000000000000000000000000000000000000000000000000004100002443004113
000000000000000000000000000000000000000000000000000000004100002443004113 224313 000000000000000000000000000000000000000000000000000000004100002443224113
000000000000000000000000000000000000000000000000000000004100002443224113 431334 000000000000000000000000000000000000000000000000000000004143002443224113
000000000000000000000000000000000000000000000000000000004143002443224113 133431 000000000000000000000000000000000000000000000000000130004143002443224113
000000000000000000000000000000000000000000000000000130004143002443224113 343121 000000000000000000000000000000000000000000000430000130004143002443224113
000000000000000000000000000000000000000000000430000130004143002443224113 312143 000000000000000000000000000000000010000030000430000130004143002443224113
000000000000000000000000000000000010000030000430000130004143002443224113 214334 000000000000000000000000000000000010000030000430000130024143012443224113
000000000000000000000000000000000010000030000430000130024143012443224113 433433 000000000000000000000000000000000310000430000430000130024143012443224113
000000000000000000000000000000000310000430000430000130024143012443224113 343334 000000000000000000000000000340000310000430000430000130024143012443224113
000000000000000000000000000340000310000430000430000130024143012443224113 333411 000000000000000030000030000340000310000430000430000130024143012443224113
000000000000000030000030000340000310000430000430000130024143012443224113 341112 000000000000000030000030000340000310000430000430043130024143012443224113
000000000000000030000030000340000310000430000430043130024143012443224113 111244 000000000000000030000030000340000310000430000430043130124143112443224113
000000000000000030000030000340000310000430000430043130124143112443224113 124421 000000000000000030000030000340000310000430000432043131124143112443224113
000000000000000030000030000340000310000430000432043131124143112443224113 442112 000000000000000030000030000340000310000430400432443131124143112443224113
000000000000000030000030000340000310000430400432443131124143112443224113 211241 000000000000000030000030000340000310100430420432443131124143112443224113
000000000000000030000030000340000310100430420432443131124143112443224113 124134 000000000000000030000030000340100310120430420432443131124143112443224113
000000000000000030000030000340100310120430420432443131124143112443224113 413433 000000000000000030000030000340100310124430421432443131124143112443224113
000000000000000030000030000340100310124430421432443131124143112443224113 343344 000000000000000000000000000000100000120000421004443002124043112443224113
000000000000000000000000000000100000120000421004443002124043112443224113 334434 000000000000000000000000000000100000120000421034443032124043112443224113
000000000000000000000000000000100000120000421034443032124043112443224113 443442 000000000000000000000000040000140000120000421034443032124043112443224113
000000000000000000000000040000140000120000421034443032124043112443224113 344231 000000000000000000000000040000140000120034421034443032124043112443224113
000000000000000000000000040000140000120034421034443032124043112443224113 423143 000000000000020000040000040000140000120034421034443032124043112443224113
000000000000020000040000040000140000120034421034443032124043112443224113 314343 000000000000020000040000040000140013120034421034443032124043112443224113
000000000000020000040000040000140013120034421034443032124043112443224113 434312 000000000000020000040000040043140013120034421034443032124043112443224113
000000000000020000040000040043140013120034421034443032124043112443224113 431221 000000000000020000040000040000140000120000420003441033123044112014224112
000000000000020000040000040000140000120000420003441033123044112014224112 122144 000000000000020000040000040000140000120000420003441033123144112214224112
000000000000020000040000040000140000120000420003441033123144112214224112 214442 000000000000020000040000040000140000122000421003441033123144112214224112
000000000000020000040000040000140000122000421003441033123144112214224112 444222 040000040000020000040000040000140000122000421003441033123144112214224112
040000040000020000040000040000140000122000421003441033123144112214224112 422242 040000040000520005545005545005145052122554421553441533123144112214224112
040000040000520005545005545005145052122554421553441533123144112214224112 224242 040000040000520005545005545205145252122554421553441533123144112214224112
040000040000520005545005545205145252122554421553441533123144112214224112 424221 040000040000520005545045545225145252122554421553441533123144112214224112
040000040000520005545045545225145252122554421553441533123144112214224112 422111 040000040000520000540005540005140042122454421553441533123044112214224112
040000040000520000540005540005140042122454421553441533123044112214224112 211112 040000040000520002540005540015140042122454421553441533123144112214224112
040000040000520002540005540015140042122454421553441533123144112214224112 111214 040000040000520012540015540015140042122454421553441533123144112214224112
040000040000520012540015540015140042122454421553441533123144112214224112 121412 040001040002520012540015540015140042122454421553441533123144112214224112
040001040002520012540015540015140042122454421553441533123144112214224112 141242 040001040002520012540015540015141442122454421553441533123144112214224112
040001040002520012540015540015141442122454421553441533123144112214224112 124231 040011040022520012540015540015141442122454421553441533123144112214224112
040011040022520012540015540015141442122454421553441533123144112214224112 423124 040001040002520012540025540015141012122014421253441533123144112214224112
040001040002520012540025540015141012122014421253441533123144112214224112 312444 040001040012520012540025540015141012122314421253441533123144112214224112
040001040012520012540025540015141012122314421253441533123144112214224112 244424 040001040012520012540025540415141212122314421253441533123144112214224112
040001040012520012540025540415141212122314421253441533123144112214224112 442441 040001040012520412540425540415141212122314421253441533123144112214224112
040001040012520412540425540415141212122314421253441533123144112214224112 244131 040021540012520012540025545515141212122314421253441533123144112214224112
040021540012520012540025545515141212122314421253441533123144112214224112 413133 040020540010520110540420545515141212122314421253441533123144112214224112
040020540010520110540420545515141212122314421253441533123144112214224112 313323 040000540000520305540401545515141212122314421253441533123144112214224112
040000540000520305540401545515141212122314421253441533123144112214224112 332331 040000540000520335540431545515141212122314421253441533123144112214224112
040000540000520335540431545515141212122314421253441533123144112214224112 233112 040002540003520335540431545515141212122314421253441533123144112214224112
040002540003520335540431545515141212122314421253441533123144112214224112 311212 040032540013520335540431545515141212122314421253441533123144112214224112
040032540013520335540431545515141212122314421253441533123144112214224112 121232 040132540213520335540431545515141212122314421253441533123144112214224112
040132540213520335540431545515141212122314421253441533123144112214224112 123233 040132540213520335540431545515141212122314421253441533123144112214224112
=== end ===
000000000000000000000000000000000000000000000000000000000000000000000000 112312 000000000000000000000000000000000000000000000000000000000000100000100000
000000000000000000000000000000000000000000000000000000000000100000100000 231232 000000000000000000000000000000000000000000000000000000000000130000120000
000000000000000000000000000000000000000000000000000000000000130000120000 123242 000000000000000000000000000000000000000000000000200000100000130000120000
000000000000000000000000000000000000000000000000200000100000130000120000 324223 000000000000000000000000000000000000000000000000200000100000133000122000
000000000000000000000000000000000000000000000000200000100000133000122000 422331 000000000000000000000000000000000000000000000000200000124000133000122000
000000000000000000000000000000000000000000000000200000124000133000122000 233143 000000000000000000000000000000000000000000000000200000124000133200122300
000000000000000000000000000000000000000000000000200000124000133200122300 314312 000000000000000000000000000000000000000000030000210000124000133200122300
000000000000000000000000000000000000000000030000210000124000133200122300 431231 000000000000000000000000000000000000000000030000210400124300133200122300
000000000000000000000000000000000000000000030000210400124300133200122300 123123 000000000000000000000000000000000000000000030000210400124300133201122302
000000000000000000000000000000000000000000030000210400124300133201122302 312333 000000000000000000000000000000000000000000030000210403124301133201122302
000000000000000000000000000000000000000000030000210403124301133201122302 233311 000000000000000000000000000000000000000000030000210403124301133221122332
000000000000000000000000000000000000000000030000210403124301133221122332 331113 000000000000000000000000000000000000300000330000210403124301133221122332
000000000000000000000000000000000000300000330000210403124301133221122332 111332 000000000000000000000000100000100000300000330000210403124301133221122332
000000000000000000000000100000100000300000330000210403124301133221122332 133214 000000000000000000000000100000100000300000330000210433124311133221122332
000000000000000000000000100000100000300000330000210433124311133221122332 321443 000000000000000000000000100000100000300002330003210433124311133221122332
000000000000000000000000100000100000300002330003210433124311133221122332 144314 000000000000000000000000100000100000300102330403210433124311133221122332
000000000000000000000000100000100000300102330403210433124311133221122332 431411 000000000000000000000000100004100003300102330403210433124311133221122332
000000000000000000000000100004100003300102330403210433124311133221122332 141124 000000000000000000000001100004100003300102330443210433124311133221122332
000000000000000000000001100004100003300102330443210433124311133221122332 112434 000000000000000000100001100004100003310102330443210433124311133221122332
000000000000000000100001100004100003310102330443210433124311133221122332 243434 000000000000000000100001100004100403310122330443210433124311133221122332
000000000000000000100001100004100403310122330443210433124311133221122332 343412 000000000000000000100001100404100403310122330443213433124311133221122332
000000000000000000100001100404100403310122330443213433124311133221122332 341223 000000000000000300100401100404100403310122330443213433124311133221122332
000000000000000300100401100404100403310122330443213433124311133221122332 122314 000000000000000301100401100404100423310122330443213433124311133221122332
000000000000000301100401100404100423310122330443213433124311133221122332 231421 000000000000000301100421100434100423310122330443213433124311133221122332
000000000000000301100421100434100423310122330443213433124311133221122332 142123 000000000000000301000421000434000423340122330443213433124311133221122332
000000000000000301000421000434000423340122330443213433124311133221122332 212312 000000000000000301000421000434000423342122331443215433124311133221122332
000000000000000301000421000434000423342122331443215433124311133221122332 231231 000002000301000321000421001434001423342122331443213433124311133221122332
000002000301000321000421001434001423342122331443213433124311133221122332 123141 000002000301000321000421021434011423342122331443213433124311133221122332
000002000301000321000421021434011423342122331443213433124311133221122332 314144 000002000301000321013421021434011423342122331443213433124311133221122332
000002000301000321013421021434011423342122331443213433124311133221122332 414443 000002000301014321013421021434011423342122331443213433124311133221122332
000002000301014321013421021434011423342122331443213433124311133221122332 444333 000002044301014321013421021434011423342122331443213433124311133221122332
000002044301014321013421021434011423342122331443213433124311133221122332 433323 000002000001010021010421021434011423342122331443213433124311133221122332
000002000001010021010421021434011423342122331443213433124311133221122332 332341 000002000001000021000421000434020423012122041443213433124311133221122332
000002000001000021000421000434020423012122041443213433124311133221122332 234144 000002000021000321000421000434025423012122541443213433124311133221122332
000002000021000321000421000434025423012122541443213433124311133221122332 414412 000002000021000321000421000434425423112122541443213433124311133221122332
000002000021000321000421000434425423112122541443213433124311133221122332 441214 000002000021000321400421400434425423112122541443213433124311133221122332
000002000021000321400421400434425423112122541443213433124311133221122332 121443 000002000021200321400421410434425423112122541443213433124311133221122332
000002000021200321400421410434425423112122541443213433124311133221122332 144331 000002000021200021400021410034421323112122541443213433124311133221122332
000002000021200021400021410034421323112122541443213433124311133221122332 433123 000002400021200021430021410534421323112122541443213433124311133221122332
000002400021200021430021410534421323112122541443213433124311133221122332 312312 000002400021200021430321411534421323112122541443213433124311133221122332
000002400021200021430321411534421323112122541443213433124311133221122332 231233 000032100021200021430321411531421323112122511443213433121311133221122332
000032100021200021430321411531421323112122511443213433121311133221122332 123343 000000000000000000000000000000000000000000000000000000000000000000000000
=== end ===
000000000000000000000000000000000000000000000000000000000000000000000000 211244 000000000000000000000000000000000000000000000000000000000000020000010000
000000000000000000000000000000000000000000000000000000000000020000010000 124444 000000000000000000000000000000000000000000000000000000000000022000011000
000000000000000000000000000000000000000000000000000000000000022000011000 444433 000000000000000000000000000000000000000000000000000000044000022000011000
000000000000000000000000000000000000000000000000000000044000022000011000 443321 000000000000000000000000000000000000000000000000000000044000422000411000
000000000000000000000000000000000000000000000000000000044000422000411000 332121 000000000000000000000000000000000000000000000000000000044000422030411030
000000000000000000000000000000000000000000000000000000044000422030411030 212121 000000000000000000000000000000000000000000000000000000044000422230411130
000000000000000000000000000000000000000000000000000000044000422230411130 212143 000000000000000000000000000000000000000000020000010000044000422230411130
000000000000000000000000000000000000000000020000010000044000422230411130 214341 000000000000000000000000000000000000000000020000110000244000422230411130
000000000000000000000000000000000000000000020000110000244000422230411130 434141 000000000000000000000000000000000000000000020000110000244000422234411133
000000000000000000000000000000000000000000020000110000244000422234411133 414134 000000000000000000000000000000000000000000020000110001244004422234411133
000000000000000000000000000000000000000000020000110001244004422234411133 413422 000000000000000000000000000000000000000004020001110001244004422234411133
000000000000000000000000000000000000000004020001110001244004422234411133 342232 000000000000000000000000000000000000000004020001110001244344422234411133
000000000000000000000000000000000000000004020001110001244344422234411133 223243 000000000000000000000000000000000000200004220001110001244344422234411133
000000000000000000000000000000000000200004220001110001244344422234411133 324324 000000000000000000000000000000000000200004220001110231244344422234411133
000000000000000000000000000000000000200004220001110231244344422234411133 432434 000000000000000000000000000000000000200304220401110231244344422234411133
000000000000000000000000000000000000200304220401110231244344422234411133 243412 000000000000000000000000000000000000200304224401112231244344422234411133
000000000000000000000000000000000000200304224401112231244344422234411133 341221 000000000000000000000000000000000000200334224441112231244344422234411133
000000000000000000000000000000000000200334224441112231244344422234411133 122134 000000000000000000000000200000100000200334224441112231244344422234411133
000000000000000000000000200000100000200334224441112231244344422234411133 213433 000000000000100000200000200000100000200334224441112231244344422234411133
000000000000100000200000200000100000200334224441112231244344422234411133 343323 000000000000100000200000200040100030200334224441112231244344422234411133
000000000000100000200000200040100030200334224441112231244344422234411133 332313 000000000000100000200000200040130030230334224441112231244344422234411133
000000000000100000200000200040130030230334224441112231244344422234411133 231331 000000000000100000230000220040130030230334224441112231244344422234411133
000000000000100000230000220040130030230334224441112231244344422234411133 133112 000000100000130000230000220040130030230334224441112231244344422234411133
000000100000130000230000220040130030230334224441112231244344422234411133 311242 100000130000130000230000220040130030230334224441112231244344422234411133
100000130000130000230000220040130030230334224441112231244344422234411133 124221 000000000000000000000000000040100030200334224441112231244344422234411133
000000000000000000000000000040100030200334224441112231244344422234411133 422143 000000000000000000000000000240100430200334224441112231244344422234411133
000000000000000000000000000240100430200334224441112231244344422234411133 214324 000000000000000000000210000240100430200334224441112231244344422234411133
000000000000000000000210000240100430200334224441112231244344422234411133 432411 000000000000000000000210400240100430230334224441112231244344422234411133
000000000000000000000210400240100430230334224441112231244344422234411133 241131 000000000000000000400210400240120430230334224441112231244344422234411133
000000000000000000400210400240120430230334224441112231244344422234411133 113144 000000000000000000410210410240120430230334224441112231244344422234411133
000000000000000000410210410240120430230334224441112231244344422234411133 314411 000000000000000000000000000000000000000000400011400031244344422234411133
000000000000000000000000000000000000000000400011400031244344422234411133 441133 000000000005000005000004050051550054550554415511415531244344422234411133
000000000005000005000004050051550054550554415511415531244344422234411133 113341 000000000005000005000004050051554054552554415511415531244344422234411133
000000000005000005000004050051554054552554415511415531244344422234411133 334132 000000000005000005000004050351554354552554415511415531244344422234411133
000000000005000005000004050351554354552554415511415531244344422234411133 413244 000001000005000005000044050351554354552554415511415531244344422234411133
000001000005000005000044050351554354552554415511415531244344422234411133 324432 000001000005000205000344050351554354552554415511415531244344422234411133
000001000005000205000344050351554354552554415511415531244344422234411133 443231 000001000005000205004344054351554354552554415511415531244344422234411133
000001000005000205004344054351554354552554415511415531244344422234411133 323131 000001003005002205004344054351554354552554415511415531244344422234411133
000001003005002205004344054351554354552554415511415531244344422234411133 313114 000001003005002205304344154351554354552554415511415531244344422234411133
000001003005002205304344154351554354552554415511415531244344422234411133 311413 000001103005302205304344154351554354552554415511415531244344422234411133
000001103005302205304344154351554354552554415511415531244344422234411133 141341 000001100005300005300004100001512044552254415511415531244344422234411133
000001100005300005300004100001512044552254415511415531244344422234411133 134122 000001100005300005330004110001512044552254415511415531244344422234411133
000001100005300005330004110001512044552254415511415531244344422234411133 412222 100001100005300005330004110001512044552254415511415531244344422234411133
100001100005300005330004110001512044552254415511415531244344422234411133 222233 100001120005320005330004110001512044552254415511415531244344422234411133
100001120005320005330004110001512044552254415511415531244344422234411133 223343 120001120005320005330004110001512044552254415511415531244344422234411133
120001120005320005330004110001512044552254415511415531244344422234411133 334321 120001120005320005330004110301512344552254415511415531244344422234411133
120001120005320005330004110301512344552254415511415531244344422234411133 432111 000000400000100000100000300000300000100000500000500000430000412300212301
000000400000100000100000300000300000100000500000500000430000412300212301 211132 000000400000100000100000300000300000100000500000500000432100412300212301
000000400000100000100000300000300000100000500000500000432100412300212301 113222 000000400000100000100000300000300000100000500000500000432100412310212311
000000400000100000100000300000300000100000500000500000432100412310212311 322221 000000400000100000100000300000300000100000500000503200432100412310212311
000000400000100000100000300000300000100000500000503200432100412310212311 222144 000000400000100000100000300000300000100000500000503200432102412312212311
000000400000100000100000300000300000100000500000503200432102412312212311 214413 000000400000100000100000300000300000100000500000503210432122412312212311
000000400000100000100000300000300000100000500000503210432122412312212311 441314 000000400000100000100000300000300000100000540000543210432122412312212311
000000400000100000100000300000300000100000540000543210432122412312212311 131412 000000400000100000100000300000300000130000541000543210432122412312212311
000000400000100000100000300000300000130000541000543210432122412312212311 141241 000000400000100000100000300000304000131000541000543210432122412312212311
000000400000100000100000300000304000131000541000543210432122412312212311 124121 500000500000500000500000400000100000150000355555355555155555555555235555
500000500000500000500000400000100000150000355555355555155555555555235555 412142 505000555000555555555555455555154555151555355555355555155555555555235555
=== end ===
000000000000000000000000000000000000000000000000000000000000000000000000 211142 000000000000000000000000000000000000000000000000000000000000000000000000
000000000000000000000000000000000000000000000000000000000000000000000000 114223 000000000000000000000000000000000000000000000000000000000000120000110000
000000000000000000000000000000000000000000000000000000000000120000110000 422324 000000000000000000000000000000000000000000000000000000000000120000112400
000000000000000000000000000000000000000000000000000000000000120000112400 232423 000000000000000000000000000000000000000000000000000000003000122000112400
000000000000000000000000000000000000000000000000000000003000122000112400 242312 000000000000000000000000000000000000000000000000000000003200122400112400
000000000000000000000000000000000000000000000000000000003200122400112400 231213 000000000000000000000000000000000000000000002000003000003200122400112400
000000000000000000000000000000000000000000002000003000003200122400112400 121331 000000000000000000000000000000000000000000002000023000013200122400112400
000000000000000000000000000000000000000000002000023000013200122400112400 133131 000000000000000000000000000000000000000000002300023100013200122400112400
000000000000000000000000000000000000000000002300023100013200122400112400 313144 000000000000000000000000000000000000003100002300023100013200122400112400
000000000000000000000000000000000000003100002300023100013200122400112400 314424 000000000000000000000000000000003100003100002300023100013200122400112400
000000000000000000000000000000003100003100002300023100013200122400112400 442442 000000000000000000000000000000003100043100022300423100413200122400112400
000000000000000000000000000000003100043100022300423100413200122400112400 244222 000000000000000000000000000000000000030100030100310100310200122422112443
000000000000000000000000000000000000030100030100310100310200122422112443 422211 000000000000000000000000000000000000230100230100310100310200122422112443
000000000000000000000000000000000000230100230100310100310200122422112443 221131 000000000000000000000000020000020000230100230100310100310200122422112443
000000000000000000000000020000020000230100230100310100310200122422112443 113144 000000000000050000050000020000520500230100230105315101315251122422112443
000000000000050000050000020000520500230100230105315101315251122422112443 314443 000000000000050000050000020000520000230000230000310000315203122422112443
000000000000050000050000020000520000230000230000310000315203122422112443 444323 000000000000050000050000020000520000230000230004310004315203122422112443
000000000000050000050000020000520000230000230004310004315203122422112443 432311 000000000000050000050000020000520000230003230004310004315243122422112443
000000000000050000050000020000520000230003230004310004315243122422112443 231121 000000000000050000050000020002520003230003230004310004315243122422112443
000000000000050000050000020002520003230003230004310004315243122422112443 112143 000000000000000000000000000002000003000003000004000004050243122422112443
000000000000000000000000000002000003000003000004000004050243122422112443 214334 000000000000000001000002000002000003000003000004000004050243122422112443
000000000000000001000002000002000003000003000004000004050243122422112443 433442 000000000000000001000002000002000003000003000044000034050243122422112443
000000000000000001000002000002000003000003000044000034050243122422112443 344221 000000000000000001000002000002000003000003030044040034050243122422112443
000000000000000001000002000002000003000003030044040034050243122422112443 422143 000000000000000001000002000002000003000003030044240034450243122422112443
000000000000000001000002000002000003000003030044240034450243122422112443 214343 000000000000000001000002000002000003000003030044240234451243122422112443
000000000000000001000002000002000003000003030044240234451243122422112443 434322 000000000000000001000002000002000003030003030044244234451243122422112443
000000000000000001000002000002000003030003030044244234451243122422112443 432214 000000000000000001000002000002000003033003034044244234451243122422112443
000000000000000001000002000002000003033003034044244234451243122422112443 221442 000000000000000001000002000002000003233003234044244234451243122422112443
000000000000000001000002000002000003233003234044244234451243122422112443 144232 000000000000000001000002000002000003233403234144244234451243122422112443
000000000000000001000002000002000003233403234144244234451243122422112443 423212 000000555000555000555000555000555005233505234555244555451555122551112153
=== end ===
000000000000000000000000000000000000000000000000000000000000000000000000 311434 000000000000000000000000000000000000000000000000000000000000000000130000
000000000000000000000000000000000000000000000000000000000000000000130000 143411 000000000000000000000000000000000000000000000000000000000000140000130000
000000000000000000000000000000000000000000000000000000000000140000130000 341114 000000000000000000000000000000000000000000000000000000000000144000133000
000000000000000000000000000000000000000000000000000000000000144000133000 111412 000000000000000000000000000000000000000000000000000000011000144000133000
000000000000000000000000000000000000000000000000000000011000144000133000 141242 000000000000000000000000000000000000000000000000000000011000144000133410
000000000000000000000000000000000000000000000000000000011000144000133410 124244 000000000000000000000000000000000000000000000000000000011000144002133411
000000000000000000000000000000000000000000000000000000011000144002133411 424443 000000000000000000000000000000000000000000000000000000011400144202133411
000000000000000000000000000000000000000000000000000000011400144202133411 444334 000000000000000000000000000000000000000000000000000004011404144202133411
000000000000000000000000000000000000000000000000000004011404144202133411 433434 000000000000000000000000000000000000000000040000030004011404144202133411
000000000000000000000000000000000000000000040000030004011404144202133411 343414 000000000000000000000000000000000000000000040000330004411404144202133411
000000000000000000000000000000000000000000040000330004411404144202133411 341414 000000000000000000000000000000000000000000040000334304411404144202133411
000000000000000000000000000000000000000000040000334304411404144202133411 141433 000000000000000000000000000000000000100000440000334304411404144202133411
000000000000000000000000000000000000100000440000334304411404144202133411 143331 000000000000000000000000000000400000110000440000334304411404144202133411
000000000000000000000000000000400000110000440000334304411404144202133411 333113 000000000000000000000000000000400000110000443300334304411404144202133411
000000000000000000000000000000400000110000443300334304411404144202133411 311321 000000000000000000000000000000403000111000443300334304411404144202133411
000000000000000000000000000000403000111000443300334304411404144202133411 132124 000000001000001000001000003000403000111000443300334304411404144202133411
000000001000001000001000003000403000111000443300334304411404144202133411 212434 000000001000001000001000003000403000111000443300334304411414144222133411
000000001000001000001000003000403000111000443300334304411414144222133411 243412 000000001000001000001000003000403000111000443302334344411414144222133411
000000001000001000001000003000403000111000443302334344411414144222133411 341241 000000001000001000001000033000443000111000443302334344411414144222133411
000000001000001000001000033000443000111000443302334344411414144222133411 124141 000000000000000000020000033000443000111000443302334344411414144222133411
000000000000000000020000033000443000111000443302334344411414144222133411 414133 000000000000000000120000433000443000111000443302334344411414144222133411
000000000000000000120000433000443000111000443302334344411414144222133411 413344 000000400000100000120000433000443000111000443302334344411414144222133411
000000400000100000120000433000443000111000443302334344411414144222133411 334422 000000400000100000120000433000443003111003443302334344411414144222133411
000000400000100000120000433000443003111003443302334344411414144222133411 442231 000000400000100000120000433000443403111403443302334344411414144222133411
000000400000100000120000433000443403111403443302334344411414144222133411 223142 000000400000100000120000433000443403111423443322334344411414144222133411
000000400000100000120000433000443403111423443322334344411414144222133411 314243 100000400000100000120000433000443403111423443322334344411414144222133411
100000400000100000120000433000443403111423443322334344411414144222133411 424332 100000400000100000120000433020443443111423443322334344411414144222133411
100000400000100000120000433020443443111423443322334344411414144222133411 433221 000000000000000000000000300000100000420003443303334344411414144222133411
000000000000000000000000300000100000420003443303334344411414144222133411 322144 000000000000000000000000300002100004420033443323334344411414144222133411
000000000000000000000000300002100004420033443323334344411414144222133411 214411 000000000000000001000002300002100004420033443323334344411414144222133411
000000000000000001000002300002100004420033443323334344411414144222133411 441111 000000000000400001400002300002100004420033443323334344411414144222133411
000000000000400001400002300002100004420033443323334344411414144222133411 111122 000000000000400001400002310002110004420033443323334344411414144222133411
000000000000400001400002310002110004420033443323334344411414144222133411 112233 100000100000400001400002310002110004420033443323334344411414144222133411
100000100000400001400002310002110004420033443323334344411414144222133411 223311 100000100000420001420002310002110004420033443323334344411414144222133411
100000100000420001420002310002110004420033443323334344411414144222133411 331131 000000000000000000000000000000000000100000120000420000410000310000120000
000000000000000000000000000000000000100000120000420000410000310000120000 113112 000000000000000000000000000000000000100000120000420000410000310000121100
000000000000000000000000000000000000100000120000420000410000310000121100 311221 000000000000000000000000000000010000130000120000420000410000310000121100
000000000000000000000000000000010000130000120000420000410000310000121100 122133 000000000000000000000000000000010000130000120000420000411000312000121100
000000000000000000000000000000010000130000120000420000411000312000121100 213313 000000000000000000000000000000010000130000120000420000411200312100121100
=== end ===
000000000000000000000000000000000000000000000000000000000000000000000000 131431 000000000000000000000000000000000000000000000000000000000000000000130000
000000000000000000000000000000000000000000000000000000000000000000130000 143124 000000000000000000000000000000000000000000000000000000000000140000130000
000000000000000000000000000000000000000000000000000000000000140000130000 312442 000000000000000000000000000000000000000000000000300000100000140000130000
000000000000000000000000000000000000000000000000300000100000140000130000 244233 000000000000000000000000000000000000000000000000300000100000142000134000
000000000000000000000000000000000000000000000000300000100000142000134000 423341 000000000000000000000000000000000000000000000000300000142000142000134000
000000000000000000000000000000000000000000000000300000142000142000134000 334134 000000000000000000000000000000000000300000300000300000142000142000134000
000000000000000000000000000000000000300000300000300000142000142000134000 413413 000000000000000000000000000000000000300000300000314000142000142000134000
000000000000000000000000000000000000300000300000314000142000142000134000 341313 000000000000000000000000000000000000300000300000314000142000142000134430
000000000000000000000000000000000000300000300000314000142000142000134430 131331 000000000000000000000000000000000000300000300000314000142000142001134433
000000000000000000000000000000000000300000300000314000142000142001134433 133124 000000000000000000000000000000000000300000300000314003142001142001134433
000000000000000000000000000000000000300000300000314003142001142001134433 312412 000000000000000000000000000000000000300001300003314003142001142001134433
000000000000000000000000000000000000300001300003314003142001142001134433 241222 000000000000000000000000000000000000300001300003314003142001142241134433
000000000000000000000000000000000000300001300003314003142001142241134433 122234 000000000000000000000000000000000000300001300003314013142021142241134433
000000000000000000000000000000000000300001300003314013142021142241134433 223441 000000000000000000000000000000000000320001320003314013142021142241134433
000000000000000000000000000000000000320001320003314013142021142241134433 344143 000000000000000000000000300000400000320001320003314013142021142241134433
000000000000000000000000300000400000320001320003314013142021142241134433 414314 000000000000000000000000300000400000320001320003314113142421142241134433
000000000000000000000000300000400000320001320003314113142421142241134433 431442 000000000000000000000000300000400000320001320433314113142421142241134433
000000000000000000000000300000400000320001320433314113142421142241134433 144231 000000000000000000000000300000400000324001321433314113142421142241134433
000000000000000000000000300000400000324001321433314113142421142241134433 423143 000000000000000000000000320000440000324001321433314113142421142241134433
000000000000000000000000320000440000324001321433314113142421142241134433 314323 000000000000000000000000320003440001324001321433314113142421142241134433
000000000000000000000000320003440001324001321433314113142421142241134433 432324 000000000000000000000000320003440401324301321433314113142421142241134433
000000000000000000000000320003440401324301321433314113142421142241134433 232433 000000000000000000320000320003440401324301321433314113142421142241134433
000000000000000000320000320003440401324301321433314113142421142241134433 243311 000000000000000000000000000003000001000301001433014113142421142241134433
000000000000000000000000000003000001000301001433014113142421142241134433 331134 000000000000000000000000000000000000000000001000014400142420142243134433
000000000000000000000000000000000000000000001000014400142420142243134433 113433 000000000000000000000000000000001000001000001000014400142420142243134433
=== end ===
