000000000000000000000000000000000000000000000000000000000000000000000000 141222 000000000000000000000000000000000000000000000000000000000000000000001400
000000000000000000000000000000000000000000000000000000000000000000001400 122212 000000000000000000000000000000000000000000000000000000000000020000011400
000000000000000000000000000000000000000000000000000000000000020000011400 221233 000000000000000000000000000000000000000000000000000000000000220000211400
000000000000000000000000000000000000000000000000000000000000220000211400 123343 000000000000000000000000000000000000000000000000000000002000221000211400
000000000000000000000000000000000000000000000000000000002000221000211400 334331 000000000000000000000000000000000000000000000000000000332000221000211400
000000000000000000000000000000000000000000000000000000332000221000211400 433132 000000000000000000000000000000000000000000400000300000332000221000211400
000000000000000000000000000000000000000000400000300000332000221000211400 313231 000000000000000000000000000000000000000000403000301000332000221000211400
000000000000000000000000000000000000000000403000301000332000221000211400 323132 000000000000000000000000000000000000300000403000321000332000221000211400
000000000000000000000000000000000000300000403000321000332000221000211400 313231 000000000000000000000000000000000000300000403000321000332100221300211400
000000000000000000000000000000000000300000403000321000332100221300211400 323123 000000000000000000000000000000000000300000403000321000332100221330211420
000000000000000000000000000000000000300000403000321000332100221330211420 312311 000000000000000000000000000000000000300000403000321030332110221330211420
000000000000000000000000000000000000300000403000321030332110221330211420 231131 000000000000000000000000000000000000300000403000321030332110221333211422
000000000000000000000000000000000000300000403000321030332110221333211422 113133 000000000000000000000000000000001000301000403000321030332110221333211422
000000000000000000000000000000001000301000403000321030332110221333211422 313332 000000000000000000003000003000001000301040403030321032332112221333211422
000000000000000000003000003000001000301040403030321032332112221333211422 333243 000000000000000000000000000000200000320040440030321332332112221333211422
=== end ===
000000000000000000000000000000000000000000000000000000000000000000000000 121222 000000000000000000000000000000000000000000000000000000000000000000000000
000000000000000000000000000000000000000000000000000000000000000000000000 122233 000000000000000000000000000000000000000000000000000000000000001000002000
000000000000000000000000000000000000000000000000000000000000001000002000 223331 000000000000000000000000000000000000000000000000000000000000001000222000
000000000000000000000000000000000000000000000000000000000000001000222000 333111 000000000000000000000000000000000000000000000000000000300000301000222000
000000000000000000000000000000000000000000000000000000300000301000222000 311121 000000000000000000000000000000000000000000000000000000310000331000222000
000000000000000000000000000000000000000000000000000000310000331000222000 112132 000000000000000000000000000000000000000000000000032000311000331000222100
000000000000000000000000000000000000000000000000032000311000331000222100 213214 000000000000000000000000000000000000000000000000000000000000000000000000
000000000000000000000000000000000000000000000000000000000000000000000000 321433 000000000000000000000000000000000000000000000000000000000000000003000002
000000000000000000000000000000000000000000000000000000000000000003000002 143314 000000000000000000000000000000000000000000000000000001000004000003000002
000000000000000000000000000000000000000000000000000001000004000003000002 331441 000000000000000000000000000000000000000000000000000001000004000033000032
000000000000000000000000000000000000000000000000000001000004000033000032 144141 000000000000000000000000000000000000000000000000000011000044000033000032
000000000000000000000000000000000000000000000000000011000044000033000032 414131 000000000000000000000000000000000000000000000014000011000044000033000032
000000000000000000000000000000000000000000000014000011000044000033000032 413123 000000000000000000000000000000000004000001000014000011000044000033000032
000000000000000000000000000000000004000001000014000011000044000033000032 312324 000000000000000000000000000000000000000000000000000000000000000000000002
000000000000000000000000000000000000000000000000000000000000000000000002 232442 000000000000000000000000000000000000000000000000000000000003000002000002
000000000000000000000000000000000000000000000000000000000003000002000002 244212 000000000000000000000000000000000000000000000000000000000003000042000022
000000000000000000000000000000000000000000000000000000000003000042000022 421234 000000000000000000000000000000000000000000000004000002000003000042000022
000000000000000000000000000000000000000000000004000002000003000042000022 123443 000000000000000000000000000000000002000001000004000002000003000042000022
000000000000000000000000000000000002000001000004000002000003000042000022 344311 000000000000000000000000000000000002000001000004000042000033000042000022
000000000000000000000000000000000002000001000004000042000033000042000022 431142 000000000000000000000000000000000002000031000044000042000033000042000022
000000000000000000000000000000000002000031000044000042000033000042000022 114241 000000000000000000000000000010000012000031000044000042000033000042000022
000000000000000000000000000010000012000031000044000042000033000042000022 424124 000000000000000000000004000012000012000031000044000042000033000042000022
000000000000000000000004000012000012000031000044000042000033000042000022 412413 000005000005000005000004000012004012501031505044505042555033555542555522
000005000005000005000004000012004012501031505044505042555033555542555522 241313 000005000005000005000004000012200012500031500044500042500033500042505022
000005000005000005000004000012200012500031500044500042500033500042505022 131322 000000000000002005003004001012204012501031555044555042555033555042555022
000000000000002005003004001012204012501031555044555042555033555042555022 132241 000000000000002005303004101012204012501031505044505042505033505042555022
000000000000002005303004101012204012501031505044505042505033505042555022 224144 000000000000002005303004101012244012551031555044555042555033555042555522
000000000000002005303004101012244012551031555044555042555033555042555522 414411 000000000000100005300004100012200012500031500044500042505033555042555022
000000000000100005300004100012200012500031500044500042505033555042555022 441131 000005000005102005303004101012204012501031505544505542505533505542505522
000005000005102005303004101012204012501031505544505542505533505542505522 113141 000000000000100005300004100012200012500031500044500042555033555042555522
000000000000100005300004100012200012500031500044500042555033555042555522 314114 000000000000100005300004100012200012500031500044500042505033555542555522
000000000000100005300004100012200012500031500044500042505033555542555522 411411 100005400005102005303004101012204012501031505544505542505533505542505522
100005400005102005303004101012204012501031505544505542505533505542505522 141144 100005400005102005303004101012204012501031555044555042555033555042555522
100005400005102005303004101012204012501031555044555042555033555042555522 114432 000005000005000005000004000012000012000031000044000042000533500542550522
000005000005000005000004000012000012000031000044000042000533500542550522 443212 000005000005102005303004101012204012501031505044505042555033555042555022
=== end ===
000000000000000000000000000000000000000000000000000000000000000000000000 213243 000000000000000000000000000000000000000000000000000000000000000002000001
000000000000000000000000000000000000000000000000000000000000000002000001 324324 000000000000000000000000000000000000000000000000000003000002000002000001
000000000000000000000000000000000000000000000000000003000002000002000001 432424 000000000000000000000000000000000000000004000003000003000002000002500001
000000000000000000000000000000000000000004000003000003000002000002500001 242413 000000000000000000000000000000000004000004000003000003000002000022500051
000000000000000000000000000000000004000004000003000003000002000022500051 241334 000000000000000000000004000002000004000004000003000003000002000002500001
000000000000000000000004000002000004000004000003000003000002000002500001 133411 000000000000000000000004000002000004000004000003000003000002000002500001
000000000000000000000004000002000004000004000003000003000002000002500001 341123 000000000000000000000004000002000004000004000003000003000002000002500001
000000000000000000000004000002000004000004000003000003000002000002500001 112334 000000000000000000000004000002000004000004000003000033000012000122500151
000000000000000000000004000002000004000004000003000033000012000122500151 233423 000000000000000000000004000002000004000004000003000033000012000122500151
000000000000000000000004000002000004000004000003000033000012000122500151 342341 000003000003000004000004000002000004000004000003000003000002000102500101
000003000003000004000004000002000004000004000003000003000002000102500101 234113 000003000003000004000004000002000004000004000003000003000002000102500101
000003000003000004000004000002000004000004000003000003000002000102500101 411344 000003000003000004000004000002000004000004000003000003000002001102504101
000003000003000004000004000002000004000004000003000003000002001102504101 134411 000000000000000000000004000002000004000004000003000003100002301102504101
000000000000000000000004000002000004000004000003000003100002301102504101 441143 000000000000000000000004000002000004000004000003000003100002341102544101
000000000000000000000004000002000004000004000003000003100002341102544101 114311 000000000000000000000004000002000004000004000003010003110002341102544101
000000000000000000000004000002000004000004000003010003110002341102544101 431121 000000000000000000000004000022000034000034000043010033113412341122544151
000000000000000000000004000022000034000034000043010033113412341122544151 112111 000000000000000000000004000002000004000004000103010103113402341102544101
000000000000000000000004000002000004000004000103010103113402341102544101 211112 000003000003000004000004000002000004000104000103010103113402341102544101
=== end ===
000000000000000000000000000000000000000000000000000000000000000000000000 311221 000000000000000000000000000000000000000000000000000000000000003000001000
000000000000000000000000000000000000000000000000000000000000003000001000 122142 000000000000000000000000000000000000000000000000000000000000003000211000
000000000000000000000000000000000000000000000000000000000000003000211000 214244 000000000000000000000000000000000000000000000000000000000000233000211000
000000000000000000000000000000000000000000000000000000000000233000211000 424421 000000000000000000000000000000000000000000000000004000002000233000211000
000000000000000000000000000000000000000000000000004000002000233000211000 442134 000000000000000000000000000000000000000000000000004000002000233000211044
000000000000000000000000000000000000000000000000004000002000233000211044 213411 000000000000000000000000000000000000000000000000004000122000233000211044
000000000000000000000000000000000000000000000000004000122000233000211044 341131 000000000000000000000000000000000000000000000000004000122000233300211444
000000000000000000000000000000000000000000000000004000122000233300211444 113142 000000000000000000000000000000000000000000000000004000122000233311211444
000000000000000000000000000000000000000000000000004000122000233311211444 314241 000000000000000000000000000000000000000000000000004300122100233311211444
000000000000000000000000000000000000000000000000004300122100233311211444 424121 000000000000000000000000000000000000000000000200004300122140233311211444
000000000000000000000000000000000000000000000200004300122140233311211444 412134 000000000000000000000000000000000000000000000200004310122144233311211444
000000000000000000000000000000000000000000000200004310122144233311211444 213443 000000000000000000000000000000000000000000000200124310122144233311211444
000000000000000000000000000000000000000000000200124310122144233311211444 344344 000000000000000000000000000000000000000000000203124314122144233311211444
000000000000000000000000000000000000000000000203124314122144233311211444 434423 000000000000000000000000000000000004000003000203124314122144233311211444
000000000000000000000000000000000004000003000203124314122144233311211444 442322 000000000000000000000000000000000004000003440203124314122144233311211444
000000000000000000000000000000000004000003440203124314122144233311211444 232224 000000000000000000000000000000000004000023440233124314122144233311211444
000000000000000000000000000000000004000023440233124314122144233311211444 222412 000000000000000000000000000000000004220023440233124314122144233311211444
000000000000000000000000000000000004220023440233124314122144233311211444 241211 000000000000000000000000400000200004220023440233124314122144233311211444
000000000000000000000000400000200004220023440233124314122144233311211444 121113 000000000000000000000000400000200004221023442233124314122144233311211444
000000000000000000000000400000200004221023442233124314122144233311211444 111341 000000000000000000500000403000251034221123442233124314122144233311211444
000000000000000000500000403000251034221123442233124314122144233311211444 134132 000000000000300000500000443000251034221123442233124314122144233311211444
000000000000300000500000443000251034221123442233124314122144233311211444 413231 000000000000310000545000443000251034221123442233124314122144233311211444
000000000000310000545000443000251034221123442233124314122144233311211444 323144 000000000000310000540020443030251034221123442233124314122144233311211444
000000000000310000540020443030251034221123442233124314122144233311211444 314431 000000050000350000510000440055240024220023442233124314122144233311211444
000000050000350000510000440055240024220023442233124314122144233311211444 443122 000000000000550005550005350005210524225523442233124314122144233311211444
000000000000550005550005350005210524225523442233124314122144233311211444 312213 000000550000550000550000350005215024225023442233124314122144233311211444
000000550000550000550000350005215024225023442233124314122144233311211444 221323 000000000000500000505000355055215024225023442233124314122144233311211444
000000000000500000505000355055215024225023442233124314122144233311211444 132341 000000001000503000505000305055215024225023442233124314122144233311211444
=== end ===
000000000000000000000000000000000000000000000000000000000000000000000000 344313 000000000000000000000000000000000000000000000000000000000000003000004000
000000000000000000000000000000000000000000000000000000000000003000004000 431334 000000000000000000000000000000000000000000000000000000000000033000044000
000000000000000000000000000000000000000000000000000000000000033000044000 133413 000000000000000000000000000000000000000000000000000000000000133000344000
000000000000000000000000000000000000000000000000000000000000133000344000 341332 000000000000000000000000000000000000000000000000000000000000133400344300
000000000000000000000000000000000000000000000000000000000000133400344300 133233 000000000000000000000000000000000000000000000000300000100000133400344300
000000000000000000000000000000000000000000000000300000100000133400344300 323341 000000000000000000000000000000000000000000000000300000100000133430344320
000000000000000000000000000000000000000000000000300000100000133430344320 334111 000000000000000000000000000000000000000000000000300300100300133430344320
000000000000000000000000000000000000000000000000300300100300133430344320 411141 000000000000000050500030300030303030153510131140334314114322133432344324
000000000000000050500030300030303030153510131140334314114322133432344324 114113 000000000000000000500030300030303030103512131144334314114322133432344324
000000000000000000500030300030303030103512131144334314114322133432344324 411311 000000000000000000500030300031303034103512131144334314114322133432344324
000000000000000000500030300031303034103512131144334314114322133432344324 131134 000000000000000000000000300001300004100212131144334314114322133432344324
000000000000000000000000300001300004100212131144334314114322133432344324 113413 000000000000000000000000000001000004000012000244004314004322033432344324
000000000000000000000000000001000004000012000244004314004322033432344324 341341 000000000000000000000000000001000004004012003244004314004322033432344324
000000000000000000000000000001000004004012003244004314004322033432344324 134142 000000000000000000000000000001000004004012003244004314034322133432344324
000000000000000000000000000001000004004012003244004314034322133432344324 414241 000000000000000000000005000001004004004012003244014314034322133432344324
000000000000000000000005000001004004004012003244014314034322133432344324 424144 000000000000000000000005000001004204004412003244014314034322133432344324
000000000000000000000005000001004204004412003244014314034322133432344324 414414 000000000000000000000005000001004204004412003244414314134322133432344324
000000000000000000000005000001004204004412003244414314134322133432344324 441413 000000000000000000000005000001004204404412403244414314134322133432344324
000000000000000000000005000001004204404412403244414314134322133432344324 141311 000000000000000000000005300001100014403012403244414314134322133432344324
000000000000000000000005300001100014403012403244414314134322133432344324 131132 000000000000000003400005304441101314433112423244414314134322133432344324
000000000000000003400005304441101314433112423244414314134322133432344324 113221 000000000004000003400015304441101314433112423244414314134322133432344324
000000000004000003400015304441101314433112423244414314134322133432344324 322141 000000000024000033000015004041001014033112023244014314034322033432044324
000000000024000033000015004041001014033112023244014314034322033432044324 214122 000020000024000033400115304441101314433112423244414314134322133432344324
000020000024000033400115304441101314433112423244414314134322133432344324 412222 000000000000000000400004300003100024400022420244414314134322133432344324
000000000000000000400004300003100024400022420244414314134322133432344324 222242 000000000000000000400004300003120024420022420244414314134322133432344324
000000000000000000400004300003120024420022420244414314134322133432344324 224222 000000000002000002400004300003120024420022420244414314134322133432344324
000000000002000002400004300003120024420022420244414314134322133432344324 422243 000000000002000002420004340003120024420022420244414314134322133432344324
000000000002000002420004340003120024420022420244414314134322133432344324 224311 000002000002000002420004340003120024420022420244414314134322133432344324
000002000002000002420004340003120024420022420244414314134322133432344324 431114 000002000002000002420004340003120024424022423244414314134322133432344324
000002000002000002420004340003120024424022423244414314134322133432344324 111434 000002000002000002420004340003120124424122423244414314134322133432344324
000002000002000002420004340003120124424122423244414314134322133432344324 143423 000002000002000002420004341003124124424122423244414314134322133432344324
000002000002000002420004341003124124424122423244414314134322133432344324 342332 000002000002340002420004341003124124424122423244414314134322133432344324
000002000002340002420004341003124124424122423244414314134322133432344324 233211 000002000002340002420024341033124124424122423244414314134322133432344324
000002000002340002420024341033124124424122423244414314134322133432344324 321113 200002300002340002420024341033124124424122423244414314134322133432344324
200002300002340002420024341033124124424122423244414314134322133432344324 111324 200002300012340012420024341033124124424122423244414314134322133432344324
200002300012340012420024341033124124424122423244414314134322133432344324 132434 200012300012340012420024341033124124424122423244414314134322133432344324
=== end ===
000000000000000000000000000000000000000000000000000000000000000000000000 412424 000000000000000000000000000000000000000000000000000000000000000000004100
000000000000000000000000000000000000000000000000000000000000000000004100 242434 000000000000000000000000000000000000000000000000000000000000020000044100
000000000000000000000000000000000000000000000000000000000000020000044100 243411 000000000000000000000000000000000000000000000000000000000000220000444100
000000000000000000000000000000000000000000000000000000000000220000444100 341124 000000000000000000000000000000000000000000000000000000000300220400444100
000000000000000000000000000000000000000000000000000000000300220400444100 112441 000000000000000000000000000000000000000000000000000000000300220400444111
000000000000000000000000000000000000000000000000000000000300220400444111 244112 000000000000000000000000000000000000000000000000000000004300222400444111
000000000000000000000000000000000000000000000000000000004300222400444111 411232 000000000000000000000000000000000000000000000000004000014300222400444111
000000000000000000000000000000000000000000000000004000014300222400444111 123243 000000000000000000000000000000000000000000000000204000114300222400444111
000000000000000000000000000000000000000000000000204000114300222400444111 324343 000000000000000000000000000000000000000000000000204200114300222430444111
000000000000000000000000000000000000000000000000204200114300222430444111 434333 000000000000000000000000000000000000000000003400204200114300222430444111
000000000000000000000000000000000000000000003400204200114300222430444111 433313 000000000000000000000000000000003000004000003400204200114300222430444111
000000000000000000000000000000003000004000003400204200114300222430444111 331331 000000000000000000000000000000003000004000003400204200114303222433444111
000000000000000000000000000000003000004000003400204200114303222433444111 133122 000000000000000000000000000000003000004000033400214200114303222433444111
000000000000000000000000000000003000004000033400214200114303222433444111 312244 000000000000000000000000003000003000004400033400214200114303222433444111
000000000000000000000000003000003000004400033400214200114303222433444111 224412 000000000000000000000000003200003200004400033400214200114303222433444111
000000000000000000000000003200003200004400033400214200114303222433444111 441214 000000000000000000000000003200003200004400033404214204114303222433444111
000000000000000000000000003200003200004400033404214204114303222433444111 121413 000000000000000000000000003200003200004400033404214224114313222433444111
000000000000000000000000003200003200004400033404214224114313222433444111 141321 000000000000000000000000000000000000000000000000214010114313222433444111
000000000000000000000000000000000000000000000000214010114313222433444111 132112 000000000000000000000000000000000000000000000000000000000000000000030000
000000000000000000000000000000000000000000000000000000000000000000030000 211224 000000000000000000000000000000000000000000000000000000020000010000030000
000000000000000000000000000000000000000000000000000000020000010000030000 122434 000000000000000000000000000000000000000000040000020000020000010000030000
000000000000000000000000000000000000000000040000020000020000010000030000 243431 000000000000000000000000000000020000040000040000020000020000010000030000
000000000000000000000000000000020000040000040000020000020000010000030000 343124 000000000000000000000000000000020000040000040000020000020000410000330000
000000000000000000000000000000020000040000040000020000020000410000330000 312432 000000000000000000030000010000020000040000040000020000020000410000330000
000000000000000000030000010000020000040000040000020000020000410000330000 243231 000000000000000000030000010000020000040000040000420000220000410000330000
000000000000000000030000010000020000040000040000420000220000410000330000 323143 000000000000030000030000010000020000540000240000420000220000410000330050
000000000000030000030000010000020000540000240000420000220000410000330050 314344 000000000000030000030000010000020000540000240000420000220000411000333550
000000000000030000030000010000020000540000240000420000220000411000333550 434424 000000000000030000030000010000020000540000240000420000220000411340333555
000000000000030000030000010000020000540000240000420000220000411340333555 442442 000000000000030000030000010000020000540000240000420000220040411344333555
000000000000030000030000010000020000540000240000420000220040411344333555 244221 000000000000030000030000010000020000540000240000420400220240411344333555
000000000000030000030000010000020000540000240000420400220240411344333555 422143 000000000000030000030000010000020000540000240000420400220200411300333500
000000000000030000030000010000020000540000240000420400220200411300333500 214334 000000000000030000030000010000020000540000240200420400221200411300333500
000000000000030000030000010000020000540000240200420400221200411300333500 433443 000000000000030000030000010000020000540000244200423400221200411304333505
000000000000030000030000010000020000540000244200423400221200411304333505 344312 000000000000030000030000010000024000543000244200423400221200411300333500
000000000000030000030000010000024000543000244200423400221200411300333500 431244 000000000000030000030000014000024000543000244040423020221040411044333055
000000000000030000030000014000024000543000244040423020221040411044333055 124433 000000000000030000030000014000024000543300244240423421221242411344333555
000000000000030000030000014000024000543300244240423421221242411344333555 443322 000000000000030000030000014000024000043340244244423421221242411344333555
000000000000030000030000014000024000043340244244423421221242411344333555 332222 000000000000030000030000014000024003543003244004423001221002411004333005
000000000000030000030000014000024003543003244004423001221002411004333005 222232 000000000000000000000000014200024203043343244244423421221242411344333555
000000000000000000000000014200024203043343244244423421221242411344333555 223222 000000000000032000032000014000024003543043244044423021221042411044333055
000000000000032000032000014000024003543043244044423021221042411044333055 322221 000000000000002000002000014020024033043043244044423021221042411044333055
000000000000002000002000014020024033043043244044423021221042411044333055 222133 000000000000030000030000014000024003543003244004423001221002411004333005
000000000000030000030000014000024003543003244004423001221002411004333005 213312 000000000000030000030000114000224000543000244000423000221000411000333000
000000000000030000030000114000224000543000244000423000221000411000333000 331231 000000000000000000000000114000224003543303244204423401221202411304333505
000000000000000000000000114000224003543303244204423401221202411304333505 123143 000000000000000000210000114000224000543000244000423000221000411000333000
000000000000000000210000114000224000543000244000423000221000411000333000 314334 000000000000000000300000204000224033543043244044423021221042411044333055
000000000000000000300000204000224033543043244044423021221042411044333055 433412 000000000000300000300000244000224033543343244244423421221242411344333555
000000000000300000300000244000224033543343244244423421221242411344333555 341221 000000000000000000000000000000020000040000240000420000221000411000333000
000000000000000000000000000000020000040000240000420000221000411000333000 122113 000000200000300000300000210000220000540040244244423421221242411344333555
000000200000300000300000210000220000540040244244423421221242411344333555 211313 000000000000000000000000010000020000040000240004420001221002411004333505
000000000000000000000000010000020000040000240004420001221002411004333505 131332 000000200000300000330000210000221000541200244200423400221200411300333500
000000200000300000330000210000221000541200244200423400221200411300333500 133221 000000000000000000000000000000000000040200244204423401221202411304333505
000000000000000000000000000000000000040200244204423401221202411304333505 322122 000000000000000000000000000000020000043240244240423420221240411340333550
000000000000000000000000000000020000043240244240423420221240411340333550 212211 000000000000000000000000000000120000243000244004423001221002411004333005
000000000000000000000000000000120000243000244004423001221002411004333005 221113 000000000000000000000000002000122000243200244200423400221200411300333500
000000000000000000000000002000122000243200244200423400221200411300333500 111321 000000000000000000000000002100122100243240244244423421221242411344333555
000000000000000000000000002100122100243240244244423421221242411344333555 132124 000000000000000000000000002100122100243200244200423400221200411300333500
000000000000000000000000002100122100243200244200423400221200411300333500 212414 000000000000002000001000002010122030243040244044423021221042411044333055
000000000000002000001000002010122030243040244044423021221042411044333055 241444 000000000000002000021000042110122130243240244244423421221242411344333555
000000000000002000021000042110122130243240244244423421221242411344333555 144424 000000000000042000021000142110122130243240244244423421221242411344333555
000000000000042000021000142110122130243240244244423421221242411344333555 442432 040000040000042000021000142110122130243240244244423421221242411344333555
=== end ===
000000000000000000000000000000000000000000000000000000000000000000000000 311111 000000000000000000000000000000000000000000000000000000000000003000001000
=== end ===
000000000000000000000000000000000000000000000000000000000000000000000000 311232 000000000000000000000000000000000000000000000000000000000000003000001000
000000000000000000000000000000000000000000000000000000000000003000001000 123221 000000000000000000000000000000000000000000000000000000000000003000211000
000000000000000000000000000000000000000000000000000000000000003000211000 322111 000000000000000000000000000000000000000000000000000000000000233000211000
000000000000000000000000000000000000000000000000000000000000233000211000 211111 000000000000000000000000000000000000000000000000000000120000233000211000
000000000000000000000000000000000000000000000000000000120000233000211000 111142 000000000000000000000000000000000000000004000034140033120014233044211311
000000000000000000000000000000000000000004000034140033120014233044211311 114231 000000000000000000000000000000000000030004020034140033120014233044211311
000000000000000000000000000000000000030004020034140033120014233044211311 423114 000000000000000000000000000000000000030004020034144033122014233044211311
000000000000000000000000000000000000030004020034144033122014233044211311 311423 000000000000000000000000000000000000030004020034144033122314233144211311
000000000000000000000000000000000000030004020034144033122314233144211311 142332 000000000000000000000000000000000000030004020134144433122314233144211311
000000000000000000000000000000000000030004020134144433122314233144211311 233231 000000000000000000000000000000000000033004022134144433122314233144211311
000000000000000000000000000000000000033004022134144433122314233144211311 323133 000000000000000000000000000000032000033004022134144433122314233144211311
000000000000000000000000000000032000033004022134144433122314233144211311 313322 000000000000000000000000000000032030033014022134144433122314233144211311
000000000000000000000000000000032030033014022134144433122314233144211311 332224 000000000000000000003000003000032030033014022134144433122314233144211311
000000000000000000003000003000032030033014022134144433122314233144211311 222442 000000000000000000003000003000032230033214022134144433122314233144211311
000000000000000000003000003000032230033214022134144433122314233144211311 244211 000000000000000000003000003000032230233214422134144433122314233144211311
000000000000000000003000003000032230233214422134144433122314233144211311 421143 000000000000000000003000403000232230233214422134144433122314233144211311
000000000000000000003000403000232230233214422134144433122314233144211311 114342 000000000000000000013000413000232230233214422134144433122314233144211311
000000000000000000013000413000232230233214422134144433122314233144211311 434241 000000000000030000413000413000232230233214422134144433122314233144211311
000000000000030000413000413000232230233214422134144433122314233144211311 424143 000000000000000000000000200000232230233214422134144433122314233144211311
000000000000000000000000200000232230233214422134144433122314233144211311 414312 000000000000000000000000204100232230233214422134144433122314233144211311
000000000000000000000000204100232230233214422134144433122314233144211311 431241 000000000000000000300000244100232230233214422134144433122314233144211311
000000000000000000300000244100232230233214422134144433122314233144211311 124112 000000000000100000320000244100232230233214422134144433122314233144211311
000000000000100000320000244100232230233214422134144433122314233144211311 411241 000000000000100000324100244100232230233214422134144433122314233144211311
000000000000100000324100244100232230233214422134144433122314233144211311 124132 000000040000120000324100244101232234233214422134144433122314233144211311
000000040000120000324100244101232234233214422134144433122314233144211311 413222 020000040004122101324101244131232234233214422134144433122314233144211311
020000040004122101324101244131232234233214422134144433122314233144211311 322213 000000000000000000000000000000000000000000000000000000000000000000100004
000000000000000000000000000000000000000000000000000000000000000000100004 221342 000000000000000000000000000000000000000000000000000000200000200000100004
=== end ===
000000000000000000000000000000000000000000000000000000000000000000000000 344313 000000000000000000000000000000000000000000000000000000000000003000004000
000000000000000000000000000000000000000000000000000000000000003000004000 431323 000000000000000000000000000000000000000000000000000000000000033000044000
000000000000000000000000000000000000000000000000000000000000033000044000 132321 000000000000000000000000000000000000000000000000000000000000133000344000
000000000000000000000000000000000000000000000000000000000000133000344000 232144 000000000000000000000000000000000000000000000000000000000000133000344230
000000000000000000000000000000000000000000000000000000000000133000344230 214441 000000000000000000000000000000000000000000000000020000010000133000344230
000000000000000000000000000000000000000000000000020000010000133000344230 444142 000000000000000000000000000000000000000000000000020000010000133440344230
000000000000000000000000000000000000000000000000020000010000133440344230 414243 000000000000000000000000000000000000000000000000021000014000133440344230
000000000000000000000000000000000000000000000000021000014000133440344230 424331 000000000000000000000000000000000000000000000000021000014000133444344232
000000000000000000000000000000000000000000000000021000014000133444344232 433131 000000000000000000000000000000000000000000000000021400014300133444344232
000000000000000000000000000000000000000000000000021400014300133444344232 313143 000000000000000000000000000000000000000000000000321400114300133444344232
000000000000000000000000000000000000000000000000321400114300133444344232 314344 000000000000000000000000000000000000000000000100321400114330133444344232
000000000000000000000000000000000000000000000100321400114330133444344232 434443 000000000000000000000000000000000000000000000100321404114333133444344232
000000000000000000000000000000000000000000000100321404114333133444344232 444344 000000000000000000000000000000000400000400000100321404114333133444344232
000000000000000000000000000000000400000400000100321404114333133444344232 434423 000000000000000000000000000000000400400401400104321404114333133444144212
000000000000000000000000000000000400400401400104321404114333133444144212 442342 000000000000000000003000004300003440403413402124321424114333133444344232
000000000000000000003000004300003440403413402124321424114333133444344232 234211 000000000000000000003000004300003440433413422124321424114333133444344232
000000000000000000003000004300003440433413422124321424114333133444344232 421134 000000000000000000003000044300023440433413422124321424114333133444344232
000000000000000000003000044300023440433413422124321424114333133444344232 113434 000000000000000000003000044301023441433413422124321424114333133444344232
000000000000000000003000044301023441433413422124321424114333133444344232 343441 000000000000000000003400044331023441433413422124321424114333133444344232
000000000000000000003400044331023441433413422124321424114333133444344232 344111 000000000000035550043450544331523441433413422124321424114333133444344232
000000000000035550043450544331523441433413422124321424114333133444344232 411132 000000000000000000000000100001500001400513400124301424114333133444344232
000000000000000000000000100001500001400513400124301424114333133444344232 113214 000000000000000000000000000000000000000005000001000001000503000104100414
000000000000000000000000000000000000000005000001000001000503000104100414 321412 000000000000000000000000000000000000000000000001000001000533000124100414
000000000000000000000000000000000000000000000001000001000533000124100414 141231 000000000000000000000000000000000000000000000001000001000533000124114414
000000000000000000000000000000000000000000000001000001000533000124114414 123124 000000000000000000000000000000000000000000000001000001200533100124114414
=== end ===
000000000000000000000000000000000000000000000000000000000000000000000000 111211 000000000000000000000000000000000000000000000000000000000000000000011000
000000000000000000000000000000000000000000000000000000000000000000011000 121144 000000000000000000000000000000000000000000000000000000000000200000111000
000000000000000000000000000000000000000000000000000000000000200000111000 114424 000000000000000000000000000000000000000000000000100000100000200000111000
000000000000000000000000000000000000000000000000100000100000200000111000 442444 000000000000000000000000000000000000000000000000100000100000200000111440
000000000000000000000000000000000000000000000000100000100000200000111440 244444 000000000000000000000000000000000000000000000000100000104000202000111440
000000000000000000000000000000000000000000000000100000104000202000111440 444423 000000000000000000000000000000000000000000004000104000104000202000111440
000000000000000000000000000000000000000000004000104000104000202000111440 442313 000000000000000000000000000000000000000000000000100000100000202000111000
000000000000000000000000000000000000000000000000100000100000202000111000 231333 000000000000000000000000000000000000000000000000100000130000222000111000
000000000000000000000000000000000000000000000000100000130000222000111000 133342 000000000000000000000000000000000000000000000000100000130000222100111333
000000000000000000000000000000000000000000000000100000130000222100111333 334242 000000000000000000000000000000000000000000000000100000100000222122111333
000000000000000000000000000000000000000000000000100000100000222122111333 424213 000000000000000000000000000000000000000000000000100004130002222122111333
000000000000000000000000000000000000000000000000100004130002222122111333 421324 000000000000000000000000000000000000000002000004100004130002222122111333
000000000000000000000000000000000000000002000004100004130002222122111333 132422 000000000000000000000000000000000000000002000004103004131002222122111333
000000000000000000000000000000000000000002000004103004131002222122111333 242213 000000000000000000500000505000505005505002505504103404131252222122111333
=== end ===
000000000000000000000000000000000000000000000000000000000000040000020000 333413 000000000000000000000000000000000000000000000000000000000000340000320000
000000000000000000000000000000000000000000000000000000000000340000320000 341311 000000000000000000000000000000000000000000000000000000340000340000320000
000000000000000000000000000000000000000000000000000000340000340000320000 131113 000000000000000000000000000000000000000000000000130000340000340000320000
000000000000000000000000000000000000000000000000130000340000340000320000 111324 000000000000000000000000000000000000010000010000130000340000340000320000
000000000000000000000000000000000000010000010000130000340000340000320000 132411 000000000000000000000000030000010000010000010000130000340000340000320000
000000000000000000000000030000010000010000010000130000340000340000320000 241142 000000000000000000000000030000010000010000010000130000340000344000322000
000000000000000000000000030000010000010000010000130000340000344000322000 114234 000000000000000000000000030000010000010000010000130000340000344000322110
000000000000000000000000030000010000010000010000130000340000344000322110 423412 000000000000000000000000030000010000010000010000130000340400344200322110
000000000000000000000000030000010000010000010000130000340400344200322110 341212 000000000000000000000000030000010000010000010300130400340400344200322110
000000000000000000000000030000010000010000010300130400340400344200322110 121221 000000000000000000000000030000010000010000010300130400340400344210322112
000000000000000000000000030000010000010000010300130400340400344210322112 122122 000000000000000000000000030000010000010000010300130400340401344212322112
000000000000000000000000030000010000010000010300130400340401344212322112 212213 000000000000000000000000030000010000010000010302130401340401344212322112
000000000000000000000000030000010000010000010302130401340401344212322112 221322 000000000000000000000000030000010000010000010302132401342401344212322112
000000000000000000000000030000010000010000010302132401342401344212322112 132234 000000000000000000000000030000010100010300010302132401342401344212322112
000000000000000000000000030000010100010300010302132401342401344212322112 223414 000000000000000000000000030000010100010302010302132401342421344212322112
000000000000000000000000030000010100010302010302132401342421344212322112 341413 000000000000000000000000030400010100010302013302132401342421344212322112
000000000000000000000000030400010100010302013302132401342421344212322112 141323 000000000000000000000400030400010100010302013302132411342421344212322112
000000000000000000000400030400010100010302013302132411342421344212322112 132314 000000000000000000000400030403010101010302013302132411342421344212322112
000000000000000000000400030403010101010302013302132411342421344212322112 231422 000000000000000000000400030403010101210302313302132411342421344212322112
000000000000000000000400030403010101210302313302132411342421344212322112 142243 000000000000000000000000000003000001000002200002102011342021344212322112
000000000000000000000000000003000001000002200002102011342021344212322112 224342 000000000000000000000000000003000001200002200002122011342021344212322112
000000000000000000000000000003000001200002200002122011342021344212322112 434234 000000000000000000000000000003000001200002234002122011342021344212322112
000000000000000000000000000003000001200002234002122011342021344212322112 423432 000000000000000000000000000000000000000000000000000000200000200003122001
000000000000000000000000000000000000000000000000000000200000200003122001 343243 000000000000000000000000000000000000000000000000000000204000203003122001
=== end ===
000000000000000000000000000000000000000000000000000000000000000000000000 233312 000000000000000000000000000000000000000000000000000000000000002000003000
000000000000000000000000000000000000000000000000000000000000002000003000 331222 000000000000000000000000000000000000000000000000000000000000002000333000
000000000000000000000000000000000000000000000000000000000000002000333000 122224 000000000000000000000000000000000000000000000005550502445402222451333222
000000000000000000000000000000000000000000000005550502445402222451333222 222411 000000000000000000000000000000000000000001000005550002445442222451333222
000000000000000000000000000000000000000001000005550002445442222451333222 241124 000000000000000000000000000000000000000001000205504502445402222401333222
000000000000000000000000000000000000000001000205504502445402222401333222 112432 000000000000000000000000000002000001000001000205554502445402222401333222
000000000000000000000000000002000001000001000205554502445402222401333222 243213 000000000000000000000000000002000001000001000005554002445402222401333222
000000000000000000000000000002000001000001000005554002445402222401333222 321342 000000000000000000000000000002000001000001200205550502440402222401333222
000000000000000000000000000002000001000001200205550502440402222401333222 134241 000000000000000000000000000002000001000301230205554502445402222401333222
000000000000000000000000000002000001000301230205554502445402222401333222 424124 000000000000000000000000000002000001002301234205554502445402222401333222
000000000000000000000000000002000001002301234205554502445402222401333222 412431 000000000000000000000000000002000001002001204005504002445402222401333222
000000000000000000000000000002000001002001204005504002445402222401333222 243112 000000000000000000000000000002000001402001204005504002445402222401333222
000000000000000000000000000002000001402001204005504002445402222401333222 311223 000000000000000000000000300002100001402001204005504002445402222401333222
000000000000000000000000300002100001402001204005504002445402222401333222 122313 000000000000000000000000300002101001402001204005504002445402222401333222
000000000000000000000000300002101001402001204005504002445402222401333222 231314 000000000000200000300000300000101000402000204000504002445402222401333222
000000000000200000300000300000101000402000204000504002445402222401333222 131413 000000000000200000300000331002121001422001234005554002445402222401333222
000000000000200000300000331002121001422001234005554002445402222401333222 141343 000000000000200000300000301012101041402011204045504022445442222451333222
000000000000200000300000301012101041402011204045504022445442222451333222 134314 000000300000200000300000301010101040402010204040504022445442222451333222
000000300000200000300000301010101040402010204040504022445442222451333222 431443 000000300000200000300000300000100000400000200000500002440402222401333222
000000300000200000300000300000100000400000200000500002440402222401333222 144342 000000300000202300304400301412101141402311204245504522445442222451333222
000000300000202300304400301412101141402311204245504522445442222451333222 434224 000000300000200300310434330412120141420311230245550522440442222451333222
000000300000200300310434330412120141420311230245550522440442222451333222 422443 000000340000220300310430330410120140420310230240550522440442222451333222
000000340000220300310430330410120140420310230240550522440442222451333222 244322 000000000000000000000004000002100301402301204205504502445402222401333222
000000000000000000000004000002100301402301204205504502445402222401333222 432223 000000000000000000000004000302124301422301234205554502445402222401333222
000000000000000000000004000302124301422301234205554502445402222401333222 222331 000000000000000000000000000000100000400000200000500002440402222401333222
000000000000000000000000000000100000400000200000500002440402222401333222 233112 000000000000003000002004002002104001402001204005504002445402222401333222
000000000000003000002004002002104001402001204005504002445402222401333222 311222 000000000000003000002004132002124001422001234005554002445402222401333222
000000000000003000002004132002124001422001234005554002445402222401333222 122231 000000000000023000012034132012124041422011234045554022445442222451333222
000000000000023000012034132012124041422011234045554022445442222451333222 223144 000000000002023002012034132012124041422011234045554022445442222451333222
000000000002023002012034132012124041422011234045554022445442222451333222 314414 000002000002003002002004102002104001402001204005504002445402222401333222
000002000002003002002004102002104001402001204005504002445402222401333222 441413 000000000000023000012000132000124000422000234000554002445402222401333222
=== end ===
000000000000000000000000000000000000000000000000000000000000003000002000 222144 000000000000000000000000000000000000000000000000000000000000003000222000
000000000000000000000000000000000000000000000000000000000000003000222000 214413 000000000000000000000000000000000000000000000000000000000000003200222100
000000000000000000000000000000000000000000000000000000000000003200222100 441313 000000000000000000000000000000000000000000000000000000000000003200222144
000000000000000000000000000000000000000000000000000000000000003200222144 131333 000000000000000000000000000000000000000000000000000000110000333200222144
000000000000000000000000000000000000000000000000000000110000333200222144 133314 000000000000000000000000000000000000400000440000130114112343333233222144
000000000000000000000000000000000000400000440000130114112343333233222144 331422 000000000000000000000000000000000000400000443000132114112343333233222144
000000000000000000000000000000000000400000443000132114112343333233222144 142233 000000000000000000000000000000000000400000443014132114112343333233222144
000000000000000000000000000000000000400000443014132114112343333233222144 223331 000000000000000000000000000000000000400200443214132114112343333233222144
000000000000000000000000000000000000400200443214132114112343333233222144 333131 000000000000000000000000000000000000433200443214132114112343333233222144
000000000000000000000000000000000000433200443214132114112343333233222144 313131 000000000000000000000000000000000001433203443214132114112343333233222144
000000000000000000000000000000000001433203443214132114112343333233222144 313123 000000000000000000000010000031000311433233443214132114112343333233222144
000000000000000000000010000031000311433233443214132114112343333233222144 312314 000000000000000000000010003031002311433233443214132114112343333233222144
000000000000000000000010003031002311433233443214132114112343333233222144 231414 000000000000000000003010003231002311433233443214132114112343333233222144
000000000000000000003010003231002311433233443214132114112343333233222144 141442 000000000004000011003014003231002311433233443214132114112343333233222144
000000000004000011003014003231002311433233443214132114112343333233222144 144244 000000000001000204003404033231022311433233443214132114112343333233222144
000000000001000204003404033231022311433233443214132114112343333233222144 424413 005005002001001254003454533231522311433233443214132114112343333233222144
=== end ===
000000000000000000000000000000000000000000000000000000000000000000000000 113134 000000000000000000000000000000000000000000000000000000000000000000011000
000000000000000000000000000000000000000000000000000000000000000000011000 313444 000000000000000000000000000000000000000000000000000000000000300000111000
000000000000000000000000000000000000000000000000000000000000300000111000 344442 000000000000000000000000000000000000000000000000000000040000330000111000
000000000000000000000000000000000000000000000000000000040000330000111000 444241 000000000000000000000000000000000000000000000000400000440000330000111000
000000000000000000000000000000000000000000000000400000440000330000111000 424122 000000000000000000000000000000000000400000200000400000440000330000111000
000000000000000000000000000000000000400000200000400000440000330000111000 412241 000000000000000000000000000000000000400000200000400000440000330100111400
000000000000000000000000000000000000400000200000400000440000330100111400 224133 000000000000000000000000000000000000400000220000420000440000330100111400
000000000000000000000000000000000000400000220000420000440000330100111400 413333 000000000000000000000000000000000000400000220000420000440000330140111410
000000000000000000000000000000000000400000220000420000440000330140111410 333314 000000000000000000000000000000000000430000220000420000440000333140111410
000000000000000000000000000000000000430000220000420000440000333140111410 331433 000000000000000000000000000000330000430000220000420000440000333140111410
000000000000000000000000000000330000430000220000420000440000333140111410 143344 000000000000000000000000420000330000430000224003421013441411333143111413
000000000000000000000000420000330000430000224003421013441411333143111413 334414 050000040000420000420000420000330000431010224020421010441410333140111410
050000040000420000420000420000330000431010224020421010441410333140111410 441413 050000040000420000420000420000330000431010224123421413441411333143111413
050000040000420000420000420000330000431010224123421413441411333143111413 141313 050000540000420000420000420000330004431011224123421413441411333143111413
050000540000420000420000420000330004431011224123421413441411333143111413 131332 050000540000420000420000420100330304431511224123421413441411333143111413
050000540000420000420000420100330304431511224123421413441411333143111413 133232 000000000000000000000000000000000000000004004023401413441411333143111413
000000000000000000000000000000000000000004004023401413441411333143111413 323224 000000000000000000000000000000000000000004024023431413441411333143111413
=== end ===
000000000000000000000000000000000000000000000000000000000000000000000000 443412 000000000000000000000000000000000000000000000000000000000000000000044000
000000000000000000000000000000000000000000000000000000000000000000044000 341222 000000000000000000000000000000000000000000000000000000000000300000444000
000000000000000000000000000000000000000000000000000000000000300000444000 122241 000000000000000000000000000000000000000000000000000000020000330000444000
000000000000000000000000000000000000000000000000000000020000330000444000 224141 000000000000000000000000000000000000000000000000200000220000330000444000
000000000000000000000000000000000000000000000000200000220000330000444000 414134 000000000000000000000000000000000000000000000000200000220000330400444100
000000000000000000000000000000000000000000000000200000220000330400444100 413414 000000000000000000000000000000000000000000000000200000220000330410444140
000000000000000000000000000000000000000000000000200000220000330410444140 341414 000000000000000000000000000000000000000000000000200000224000333410444140
000000000000000000000000000000000000000000000000200000224000333410444140 141414 000000000000000000000000000000000000000000000000200000224000333411444144
000000000000000000000000000000000000000000000000200000224000333411444144 141444 000000000000000000000000000000000000000000000000200000224140333411444144
000000000000000000000000000000000000000000000000200000224140333411444144 144422 000000000000000000000000000000000000000000000000200004224141333411444144
000000000000000000000000000000000000000000000000200004224141333411444144 442231 000000000000000000000000000000000000000000400000240004224141333411444144
000000000000000000000000000000000000000000400000240004224141333411444144 223111 000000000000000000000000000000200000200000400000240004224141333411444144
000000000000000000000000000000200000200000400000240004224141333411444144 311124 000000000000000000000000000000200000200000400000241304224141333411444144
000000000000000000000000000000200000200000400000241304224141333411444144 112412 000000000000000000000000000000200000200000401100241304224141333411444144
000000000000000000000000000000200000200000401100241304224141333411444144 241242 000000000000000000000000200000200000200000441100241304224141333411444144
000000000000000000000000200000200000200000441100241304224141333411444144 124221 000000000000000000000000200000200000200020441124241334224141333411444144
000000000000000000000000200000200000200020441124241334224141333411444144 422142 300000300000200000400000200040200040200040440314240334224141333411444144
300000300000200000400000200040200040200040440314240334224141333411444144 214214 300000300000200040400020200040200040200040440314240334224141333411444144
300000300000200040400020200040200040200040440314240334224141333411444144 421433 300000300000200000400000200020200040205520445315245335224141333411444144
300000300000200000400000200020200040205520445315245335224141333411444144 143331 300000300000200000400000250020250044255521445315245335224141333411444144
300000300000200000400000250020250044255521445315245335224141333411444144 333124 300000300000200000400050250020250044255521445315245335224141333411444144
300000300000200000400050250020250044255521445315245335224141333411444144 312411 300000300000200000400000200020200044200021440315240335224141333411444144
300000300000200000400000200020200044200021440315240335224141333411444144 241143 300000300000200300400300200320200544200521440315240335224141333411444144
300000300000200300400300200320200544200521440315240335224141333411444144 114324 300000300000200000400001200021200044200021440315240335224141333411444144
300000300000200000400001200021200044200021440315240335224141333411444144 432432 300000300003200004400001200021200044200021440315240335224141333411444144
300000300003200004400001200021200044200021440315240335224141333411444144 243213 300000300000200000400000200020200040200020440310240330224141333411444144
300000300000200000400000200020200040200020440310240330224141333411444144 321324 000000000000000000000000000000000010000030000030000040000040000340000110
000000000000000000000000000000000010000030000030000040000040000340000110 132411 000000000000000000000000000000000010000030000030000040000240000340001110
000000000000000000000000000000000010000030000030000040000240000340001110 241131 000000000000000000000000000000000010000030000430000240000240000340001110
000000000000000000000000000000000010000030000430000240000240000340001110 113112 000000000000000000000010000010000010000030000430000240000240000340001110
000000000000000000000010000010000010000030000430000240000240000340001110 311212 000000000000000000000010000010000010000030000430000240001240003340001110
=== end ===
000000000000000000000000000000000000000000000000000000000000000000000000 313223 000000000000000000000000000000000000000000000000000000000000000000003100
000000000000000000000000000000000000000000000000000000000000000000003100 322321 000000000000000000000000000000000000000000000000000000000000020000033100
000000000000000000000000000000000000000000000000000000000000020000033100 232114 000000000000000000000000000000000000000000000000000000000000220000333100
000000000000000000000000000000000000000000000000000000000000220000333100 211432 000000000000000000000000000000000000000000000000000000001000222000333100
000000000000000000000000000000000000000000000000000000001000222000333100 143223 000000000000000000000000000000000000000000000000000000001000222040333110
000000000000000000000000000000000000000000000000000000001000222040333110 322324 000000000000000000000000000000000000000000000000002000031000222040333110
000000000000000000000000000000000000000000000000002000031000222040333110 232414 000000000000000000000000000000000000003000002000002000031000222040333110
000000000000000000000000000000000000003000002000002000031000222040333110 241442 000000000000000000000000000000000000003000002000002000031200222440333110
000000000000000000000000000000000000003000002000002000031200222440333110 144211 000000000000000000000000000000000000003000002000002000031200222444333111
000000000000000000000000000000000000003000002000002000031200222444333111 421143 000000000000000000000000000000000000003000002200002400031200222444333111
000000000000000000000000000000000000003000002200002400031200222444333111 114344 000000000000000000000000000000000000003000002200002400031211222444333111
000000000000000000000000000000000000003000002200002400031211222444333111 434442 000000000000000000000000000000000000003000002230002440031211222444333111
000000000000000000000000000000000000003000002230002440031211222444333111 444244 000000000000000000000000000000000400003400002230002440031211222444333111
000000000000000000000000000000000400003400002230002440031211222444333111 424431 000000000000000000000000000200004400003400002230002440031211222444333111
000000000000000000000000000200004400003400002230002440031211222444333111 443134 000000000000000000000000000200004400003400042230042440031211222444333111
000000000000000000000000000200004400003400042230042440031211222444333111 313412 000000000000000000000000000200004400003400042230142440331211222444333111
000000000000000000000000000200004400003400042230142440331211222444333111 341244 000000000000000000000000000200004400043400342230142440331211222444333111
000000000000000000000000000200004400043400342230142440331211222444333111 124421 000000000000000000000100002200004400043400342230142440331211222444333111
000000000000000000000100002200004400043400342230142440331211222444333111 442111 000000000000004000004100002200004400043400342230142440331211222444333111
000000000000004000004100002200004400043400342230142440331211222444333111 211121 000000000000004000004100002200004400043420342230142441331211222444333111
000000000000004000004100002200004400043420342230142441331211222444333111 112122 000000000000004000004100002200004400043421342233142441331211222444333111
000000000000004000004100002200004400043421342233142441331211222444333111 212232 000000000000004000004100002220004410043421342233142441331211222444333111
000000000000004000004100002220004410043421342233142441331211222444333111 223223 000000000000004000004100002220204410243421342233142441331211222444333111
000000000000004000004100002220204410243421342233142441331211222444333111 322324 000000000000004000304100202220204410243421342233142441331211222444333111
000000000000004000304100202220204410243421342233142441331211222444333111 232412 000000000000004520304130202220254415243421342233142441331211222444333111
000000000000004520304130202220254415243421342233142441331211222444333111 241212 000000000000000000000020000030000015303121302233102441331211222444333111
000000000000000000000020000030000015303121302233102441331211222444333111 121231 000000000000000000000000000000000010300031304033103441331211222444333111
000000000000000000000000000000000010300031304033103441331211222444333111 123122 000000000000000000300000100000300010300031304033113441331211222444333111
000000000000000000300000100000300010300031304033113441331211222444333111 312221 000000000000000000000000002000002015002031004533003441101211222444333111
000000000000000000000000002000002015002031004533003441101211222444333111 222122 000000000000000000000000002000002015002031004533013441131211222444333111
000000000000000000000000002000002015002031004533013441131211222444333111 212242 000000000000000000000000002050002015002031204533113441131211222444333111
000000000000000000000000002050002015002031204533113441131211222444333111 224211 000000000000000000000000002000202015202031204533113441131211222444333111
000000000000000000000000002000202015202031204533113441131211222444333111 421121 000000000000000000200000402050202015202031204033113441131211222444333111
000000000000000000200000402050202015202031204033113441131211222444333111 112123 000000000000000000200000402050202115202131204533113441131211222444333111
000000000000000000200000402050202115202131204533113441131211222444333111 212314 000000000000002000201000402050202115202131204533113441131211222444333111
000000000000002000201000402050202115202131204533113441131211222444333111 231432 000000000000000000000000000000000000000000200000400000202000204000203400
000000000000000000000000000000000000000000200000400000202000204000203400 143241 000000000000000000000000000000000000000000200000400000202100204400203400
000000000000000000000000000000000000000000200000400000202100204400203400 324124 000000000000000000000000000000000000000000200000402000202100204400233400
000000000000000000000000000000000000000000200000402000202100204400233400 412413 000000000000000000000000000000000000000000200000402000242100234400233400
000000000000000000000000000000000000000000200000402000242100234400233400 241342 000000000000000000000000000000000000000000240000422000242100234400233400
000000000000000000000000000000000000000000240000422000242100234400233400 134222 000000000000000000000000000000000000000000240000422000242100234410233430
000000000000000000000000000000000000000000240000422000242100234410233430 422212 000000000000000000000000000000020000040000240000422000242100234410233430
000000000000000000000000000000020000040000240000422000242100234410233430 221223 000000000000000000000000000000020000040000240000422000242100234412233432
000000000000000000000000000000020000040000240000422000242100234412233432 122313 000000000000000000000000000000020000040000240000422010242120234412233432
000000000000000000000000000000020000040000240000422010242120234412233432 231323 000000000000500000505000555000525555545555245255422315242125234412233432
=== end ===
000000000000000000000000000000000000000000000000000000000000004000002000 424224 000000000000000000000000000000000000000000000000000000000000044000022000
000000000000000000000000000000000000000000000000000000000000044000022000 422431 000000000000000000000000000000000000000000000000000000000000444000222000
000000000000000000000000000000000000000000000000000000000000444000222000 243111 000000000000000000000000000000000000000000000000000000000000000000000000
000000000000000000000000000000000000000000000000000000000000000000000000 311111 000000000000000000000000000000000000000000000000000000000000000003000001
000000000000000000000000000000000000000000000000000000000000000003000001 111131 000000000000000000000000000000000000000000000000000000000000000003000111
000000000000000000000000000000000000000000000000000000000000000003000111 113143 000000000000000000000000000000000000000000000000000000000000000000000000
000000000000000000000000000000000000000000000000000000000000000000000000 314311 000000000000000000000000000000000000000000000000000000000000000003000001
000000000000000000000000000000000000000000000000000000000000000003000001 431143 000000000000000000000000000000000000000000000000000004000003000003000001
000000000000000000000000000000000000000000000000000004000003000003000001 114311 000000000000000000000000000000000000000003000004000004000003000033000011
000000000000000000000000000000000000000003000004000004000003000033000011 431122 000000000000000000000000000000000000000003000004000004000113000133000211
000000000000000000000000000000000000000003000004000004000113000133000211 112224 000000000000000000000000000000000000000003000304000204000113000133000211
000000000000000000000000000000000000000003000304000204000113000133000211 222443 000000000000000000000000000000000000000003000304000204000113002133002211
000000000000000000000000000000000000000003000304000204000113002133002211 244332 000000000000000000000000000000000000000003000344000224000113002133002211
000000000000000000000000000000000000000003000344000224000113002133002211 433232 000000000000000000000000000004000003000003000344000224000113002133002211
000000000000000000000000000004000003000003000344000224000113002133002211 323244 000000000000000000000000000004000003000233000344000224000113002133002211
000000000000000000000000000004000003000233000344000224000113002133002211 324433 000000000000000002000003000004000003000233000344000224000113002133002211
000000000000000002000003000004000003000233000344000224000113002133002211 443344 000000000000000002000003000004000443000233000344000224000113002133002211
000000000000000002000003000004000443000233000344000224000113002133002211 334424 000000000000000002000033000034000443000233000344000224000113002133002211
000000000000000002000033000034000443000233000344000224000113002133002211 442431 000000000000000000000000000000000000000000000000000000000000000200000300
000000000000000000000000000000000000000000000000000000000000000200000300 243122 000000000000000000000000000000000000000000000000000400000200000200000300
000000000000000000000000000000000000000000000000000400000200000200000300 312242 000000000000000000000000000000000000000000000000000400000200000210000330
000000000000000000000000000000000000000000000000000400000200000210000330 224221 000000000000000000000000000000000000000200000200000400000200000210000330
000000000000000000000000000000000000000200000200000400000200000210000330 422133 000000000000000000000000000000000000000200000200000440000220000210000330
000000000000000000000000000000000000000200000200000440000220000210000330 213323 000000000000000000000000000000000000000210000220000440000220000210000330
=== end ===
000000000000000000000000000000000000000000000000000000000000000000000000 441134 000000000000000000000000000000000000000000000000000000000000000000044000
000000000000000000000000000000000000000000000000000000000000000000044000 113442 000000000000000000000000000000000000000000000000000000000000011000044000
000000000000000000000000000000000000000000000000000000000000011000044000 344213 000000000000000000000000000000000000000000000000000000000000011400044300
000000000000000000000000000000000000000000000000000000000000011400044300 421332 000000000000000000000000000000000000000000000000000000024000011400044300
000000000000000000000000000000000000000000000000000000024000011400044300 133243 000000000000000000000000000000000000000000000000000000024000011430044310
000000000000000000000000000000000000000000000000000000024000011430044310 324341 000000000000000000000000000000000000000000000000000000024000011433044312
000000000000000000000000000000000000000000000000000000024000011433044312 434131 000000000000000000000000000000000000000000000000000400024300011433044312
000000000000000000000000000000000000000000000000000400024300011433044312 413122 000000000000000000000000000000000000000000000000000400024300111433444312
000000000000000000000000000000000000000000000000000400024300111433444312 312224 000000000000000000000000000000000000000000004000003400024300111433444312
000000000000000000000000000000000000000000004000003400024300111433444312 222421 000000000000000000000000000000000000000000004000203400224300111433444312
000000000000000000000000000000000000000000004000203400224300111433444312 242143 000000000000000000000000000000000000000000004400203400224320111433444312
000000000000000000000000000000000000000000004400203400224320111433444312 214311 000000000000000000000000000000000000000000004400203410224322111433444312
000000000000000000000000000000000000000000004400203410224322111433444312 431114 000000000000000000000000000000000000000000100000210010224022111033444012
000000000000000000000000000000000000000000100000210010224022111033444012 111431 000000000000000000004000004000204000203000104400213410224322111433444312
000000000000000000004000004000204000203000104400213410224322111433444312 143132 000000000000000000004030004030204040243330124410213410224322111433444312
000000000000000000004030004030204040243330124410213410224322111433444312 313243 000000000000000000004030004030204040243330124411213412224322111433444312
000000000000000000004030004030204040243330124411213412224322111433444312 324311 000000000000000000004030034030224040243330124411213412224322111433444312
000000000000000000004030034030224040243330124411213412224322111433444312 431113 000000000040100030134030134030224044243334124411213412224322111433444312
000000000040100030134030134030224044243334124411213412224322111433444312 111311 300000200000100000134000134000224100243330124411213412224322111433444312
300000200000100000134000134000224100243330124411213412224322111433444312 131121 300000200000100100104100104200224110243330124411213412224322111433444312
300000200000100100104100104200224110243330124411213412224322111433444312 112112 300000200000100100104120104210224110243330124411213412224322111433444312
300000200000100100104120104210224110243330124411213412224322111433444312 211224 300000200010100120104120104210224110243330124411213412224322111433444312
300000200010100120104120104210224110243330124411213412224322111433444312 122421 300010200210100120104120104210224110243330124411213412224322111433444312
300010200210100120104120104210224110243330124411213412224322111433444312 242121 000000000000000000000000000000000000000000000000000010000310003430304410
000000000000000000000000000000000000000000000000000010000310003430304410 212124 000000000000000000000000000000000000000000000000000010000310003432304411
000000000000000000000000000000000000000000000000000010000310003432304411 212424 000000000000000000000000000000000000000000000000000012000311003432304411
000000000000000000000000000000000000000000000000000012000311003432304411 242432 000000000000000000000000000000000000000000000042000012000311003432304411
=== end ===
000000000000000000000000000000000000000000000000000000000000040000020000 114422 000000000000000000000000000000000000000000000000000000440000140000120440
000000000000000000000000000000000000000000000000000000440000140000120440 442224 000000000000000000000000000000000000000000000000000000440000140200122440
000000000000000000000000000000000000000000000000000000440000140200122440 222442 000000000000000000000000000000000000000000200000200000440000140200122440
000000000000000000000000000000000000000000200000200000440000140200122440 244242 000000000000000000000000000000000000000000200000200000440000140204122442
000000000000000000000000000000000000000000200000200000440000140204122442 424244 000000000000000000000000000000000000000000200000200000440040140224122442
000000000000000000000000000000000000000000200000200000440040140224122442 424423 000000000000000000000000000000000000000000200000200002440044140224122442
000000000000000000000000000000000000000000200000200002440044140224122442 442332 000000000000000000000000000000400000400000200000200002440044140224122442
000000000000000000000000000000400000400000200000200002440044140224122442 233224 000000000000000000000000000000400000400000200030200022440044140224122442
000000000000000000000000000000400000400000200030200022440044140224122442 322414 000000000000000000000000000000400000400003200032200022440044140224122442
000000000000000000000000000000400000400003200032200022440044140224122442 241421 000000000000000000200000400000400000400003200032200022440044140224122442
000000000000000000200000400000400000400003200032200022440044140224122442 142111 000000000000000000200000400000400000400003240032210022440044140224122442
000000000000000000200000400000400000400003240032210022440044140224122442 211133 000000000000000000200000400000400000400003240032210022442044141224122442
000000000000000000200000400000400000400003240032210022442044141224122442 113333 000000000000000000200000400000410000410003240032210022442044141224122442
000000000000000000200000400000410000410003240032210022442044141224122442 333314 000000000000000000200000400000410000410003240032210322442344141224122442
000000000000000000200000400000410000410003240032210322442344141224122442 331431 000000000000000000200000430000410000410003240032213322442344141224122442
000000000000000000200000430000410000410003240032213322442344141224122442 143122 000000000000000000200000430000410000411003244032213322442344141224122442
000000000000000000200000430000410000411003244032213322442344141224122442 312233 000000000000000000210000430000413000411003244032213322442344141224122442
000000000000000000210000430000413000411003244032213322442344141224122442 223343 400000240000210000210000433013413013411013244432213322442344141224122442
400000240000210000210000433013413013411013244432213322442344141224122442 334342 440000240000210034210021433013413013411513244432213322442344141224122442
440000240000210034210021433013413013411513244432213322442344141224122442 434223 440004240005210034210021433013413013411013244432213322442344141224122442
440004240005210034210021433013413013411013244432213322442344141224122442 422334 440044240055210034210021433013413213411513244432213322442344141224122442
440044240055210034210021433013413213411513244432213322442344141224122442 233444 000000000000000000000000000000000000000000000030000020000010000210000210
000000000000000000000000000000000000000000000030000020000010000210000210 344421 000000000000000000000000000000000000000000000034000021004413003213004213
000000000000000000000000000000000000000000000034000021004413003213004213 442134 000000000000000000000000000000000140000250000234000121004413003213004213
000000000000000000000000000000000140000250000234000121004413003213004213 213411 000000000000000000000000000000000100000200000230000120004410013210014210
000000000000000000000000000000000100000200000230000120004410013210014210 341123 000000000000000000000000000002000104000205000234030121044413013213014213
000000000000000000000000000002000104000205000234030121044413013213014213 112321 000000000000000000000000000000000100000200000230030120044410013210014210
000000000000000000000000000000000100000200000230030120044410013210014210 232141 000000000000000000000000000002000104020205030234030121044413013213014213
000000000000000000000000000002000104020205030234030121044413013213014213 214124 000000000000000500000100000400550100520200530234530121544413113213214213
=== end ===
000000000000000000000000000000000000000000000000000000000000000000000000 344244 000000000000000000000000000000000000000000000000000000000000000000000000
000000000000000000000000000000000000000000000000000000000000000000000000 424434 000000000000000000000000000000000000000000000000000000040000023112444331
000000000000000000000000000000000000000000000000000000040000023112444331 443413 000000000000000000000000000000000000000000000000000401040302023112444331
000000000000000000000000000000000000000000000000000401040302023112444331 341344 000000000000000000000000000400000300000300000100000401240302223112444331
000000000000000000000000000400000300000300000100000401240302223112444331 134444 000000000000000000000000000400000300040300010100440401240302223112444331
000000000000000000000000000400000300040300010100440401240302223112444331 444411 000000000000000000000000040400040300040300010100443401242302223112444331
000000000000000000000000040400040300040300010100443401242302223112444331 441114 000000000000000000000000000000000000000000000000000000202322223112444330
000000000000000000000000000000000000000000000000000000202322223112444330 111433 000000000000000000000000000000000000000000000000000000000000000000000000
000000000000000000000000000000000000000000000000000000000000000000000000 143313 000000000000000000000000000000000000000000000000000000000000001000004000
000000000000000000000000000000000000000000000000000000000000001000004000 331321 000000000000000000000000000000000000000000000000000000000000031000034000
000000000000000000000000000000000000000000000000000000000000031000034000 132141 000000000000000000000000000000000000000000000000000000031000031000034000
000000000000000000000000000000000000000000000000000000031000031000034000 214123 000000000000000000000000000000000000000000000000021000031000031000034000
000000000000000000000000000000000000000000000000021000031000031000034000 412342 000000000000000000000000000000000000040000010000021000031000031000034000
000000000000000000000000000000000000040000010000021000031000031000034000 234221 000000000000000000000000000000000000042000013000021000031000031000034000
000000000000000000000000000000000000042000013000021000031000031000034000 422132 000000000000000000000000000000055000042000013000021000031000031000534005
000000000000000000000000000000055000042000013000021000031000031000534005 213221 000000000000000000000000000000000000000000000000000000040000012200024505
000000000000000000000000000000000000000000000000000000040000012200024505 322133 000000000000000000000000000000000000000000000000050040040022012253024555
000000000000000000000000000000000000000000000000050040040022012253024555 213312 000000000000000000000000000000000000000000052000051000045002012003024055
000000000000000000000000000000000000000000052000051000045002012003024055 331241 000000000000000000000000000000000000000000050000050000040002012003024055
000000000000000000000000000000000000000000050000050000040002012003024055 124141 000000000000000000000000000000000000000000050000050000040000012000024000
000000000000000000000000000000000000000000050000050000040000012000024000 414122 000000000000000000000000000000000000000000050000050000040000012000024000
000000000000000000000000000000000000000000050000050000040000012000024000 412234 000000000000000000000000000000000000000000000400000100040102012203024555
000000000000000000000000000000000000000000000400000100040102012203024555 223433 000000000000000020000020000010000040002030002434001142045122012253024555
000000000000000020000020000010000040002030002434001142045122012253024555 343342 000000000000000020000020000010000044002033002434001142045122012253024555
000000000000000020000020000010000044002033002434001142045122012253024555 334223 000000000000000000000000000000000000000000000000000000040000010003024005
000000000000000000000000000000000000000000000000000000040000010003024005 422343 000000000000000000000000000000000000000000000000000000042000014000024000
000000000000000000000000000000000000000000000000000000042000014000024000 234311 000000000000000000000000000000000000000000000000002000042000014000024005
000000000000000000000000000000000000000000000000002000042000014000024005 431141 000000000000000000000000000000000000000000000000002000042000014000024050
000000000000000000000000000000000000000000000000002000042000014000024050 114124 000000000000000000000000000000000000000000000000032000042000114403124305
000000000000000000000000000000000000000000000000032000042000114403124305 412411 000000000000000000000000000000000000010000040000032000042000114403124355
000000000000000000000000000000000000010000040000032000042000114403124355 241123 000000000000000000000000000000040000010000042000032000042000114403124355
000000000000000000000000000000040000010000042000032000042000114403124355 112311 000000000000000000000000000000040000010000042000032000042010114413124355
000000000000000000000000000000040000010000042000032000042010114413124355 231144 000000000000000000000000000000040000010000042000032000042300114403124305
000000000000000000000000000000040000010000042000032000042300114403124305 114421 000000000000000000000000000000040000010000042100032120042310114413124355
000000000000000000000000000000040000010000042100032120042310114413124355 442112 000000000000000000000000000000040000010040042140032120042310114413124355
000000000000000000000000000000040000010040042140032120042310114413124355 211244 000000000000000000000000000000040000010040042140032122042311114413124355
000000000000000000000000000000040000010040042140032122042311114413124355 124421 000000000000000000000000000000040000010000042102032102042301114403124305
000000000000000000000000000000040000010000042102032102042301114403124305 442113 000000000000000000000000000000040000010000042100032100042300114400124300
000000000000000000000000000000040000010000042100032100042300114400124300 211312 000000000000000000000000000040040010010040042140032120042310114410124350
000000000000000000000000000040040010010040042140032120042310114410124350 131234 000000000000000000000002000002041001013004042102032102042301114403124305
000000000000000000000002000002041001013004042102032102042301114403124305 123431 000000000000000000000000000000040000013200042100032100042301114403124305
=== end ===
000000000000000000000000000000000000000000000000000000000000003000002000 313424 000000000000000000000000000000000000000000000010111312442132433233322122
000000000000000000000000000000000000000000000010111312442132433233322122 342432 000000000000000000000000000000000000000300000210111312442132433233322122
000000000000000000000000000000000000000300000210111312442132433233322122 243231 000000000000000000000000000000000000000300420210111312442132433233322122
000000000000000000000000000000000000000300420210111312442132433233322122 323123 000000000000000000000000000000000000003300422210111312442132433233322122
000000000000000000000000000000000000003300422210111312442132433233322122 312321 000000000000000000000000000000000300003310422210111312442132433233322122
000000000000000000000000000000000300003310422210111312442132433233322122 232142 000000000000000000000000003000002300003310422210111312442132433233322122
000000000000000000000000003000002300003310422210111312442132433233322122 214211 000000000000000000000000003100002320003310422210111312442132433233322122
000000000000000000000000003100002320003310422210111312442132433233322122 421114 000000000000000000000000003120002320003310422214111312442132433233322122
000000000000000000000000003120002320003310422214111312442132433233322122 111433 000000000000000000000110003120002320003310422214111312442132433233322122
000000000000000000000110003120002320003310422214111312442132433233322122 143344 000000000000000000000110003120002321003314422214111312442132433233322122
000000000000000000000110003120002321003314422214111312442132433233322122 334443 000000000000003000003110003120002321003314422214111312442132433233322122
000000000000003000003110003120002321003314422214111312442132433233322122 444343 000000000000003000003110003120402321403314422214111312442132433233322122
000000000000003000003110003120402321403314422214111312442132433233322122 434331 000000000000000000000000000000003000003000003001111314442134433233322122
=== end ===
000000000000000000000000000000000000000000000000000000000000000000000000 223313 000000000000000000000000000000000000000000000000000000000000000000022000
000000000000000000000000000000000000000000000000000000000000000000022000 331312 000000000000000000000000000000000000000000000000000000000000033000022000
000000000000000000000000000000000000000000000000000000000000033000022000 131214 000000000000000000000000000000000000000000000000000000000000033000022310
000000000000000000000000000000000000000000000000000000000000033000022310 121432 000000000000000000000000000000000000000000000000000000002000033100022310
000000000000000000000000000000000000000000000000000000002000033100022310 143221 000000000000000000000000000000000000000000000000000000002000033104022311
000000000000000000000000000000000000000000000000000000002000033104022311 322144 000000000000000000000000000000000000000000000000000000002000333104222311
000000000000000000000000000000000000000000000000000000002000333104222311 214414 000000000000000000000000000000000000000000000000000000212004333144222311
000000000000000000000000000000000000000000000000000000212004333144222311 441444 000000000000000000000000000000000000000000000000220000212004333144222311
000000000000000000000000000000000000000000000000220000212004333144222311 144441 000000000000000000000000000000000000000000004000221000212004333144222311
000000000000000000000000000000000000000000004000221000212004333144222311 444123 000000000000000000000000000000000000040000044000221000212004333144222311
000000000000000000000000000000000000040000044000221000212004333144222311 412343 000000000000000000000000000000000000000000100000221000212004333144222311
000000000000000000000000000000000000000000100000221000212004333144222311 234332 000000000000000000000000000000000000000000100000221200212304333144222311
000000000000000000000000000000000000000000100000221200212304333144222311 433221 000000000000000000000000000000000000000400113300221200212304333144222311
000000000000000000000000000000000000000400113300221200212304333144222311 322122 000000000000000000000000000200000300000400113300221200212304333144222311
000000000000000000000000000200000300000400113300221200212304333144222311 212213 000000000000000000000000000200000300000400113300221220212314333144222311
000000000000000000000000000200000300000400113300221220212314333144222311 221314 000000000000000000000000000200000300220400113300221220212314333144222311
000000000000000000000000000200000300220400113300221220212314333144222311 131444 000000000000000000000000000200000300220430113310221220212314333144222311
000000000000000000000000000200000300220430113310221220212314333144222311 144441 000000000000000000000000000200001300224430113310221220212314333144222311
000000000000000000000000000200001300224430113310221220212314333144222311 444123 000000000000000000000400004200001300224430113310221220212314333144222311
000000000000000000000400004200001300224430113310221220212314333144222311 412331 000000000000000000000400014200041300224430113310221220212314333144222311
000000000000000000000400014200041300224430113310221220212314333144222311 233123 000000000000000000000400314200241300224430113310221220212314333144222311
000000000000000000000400314200241300224430113310221220212314333144222311 312333 000000000000010000030400314200241300224430113310221220212314333144222311
000000000000010000030400314200241300224430113310221220212314333144222311 233342 000000000000210000330400314200241300224430113310221220212314333144222311
000000000000210000330400314200241300224430113310221220212314333144222311 334242 000000000000210000330400314200241300224430113313221223212314333144222311
000000000000210000330400314200241300224430113313221223212314333144222311 424211 000000240000210000330400314200241300224430113313221223212314333144222311
000000240000210000330400314200241300224430113313221223212314333144222311 421122 000000240000210000330400314240241320224430113313221223212314333144222311
000000240000210000330400314240241320224430113313221223212314333144222311 112244 100000240000210000330400314240241320224430113313221223212314333144222311
100000240000210000330400314240241320224430113313221223212314333144222311 224442 100000240000210000330400314240241322224432113313221223212314333144222311
100000240000210000330400314240241322224432113313221223212314333144222311 444232 100000240000210000330404314244241322224432113313221223212314333144222311
100000240000210000330404314244241322224432113313221223212314333144222311 423232 100000240000210000330000314000241300224430113313221223212314333144222311
100000240000210000330000314000241300224430113313221223212314333144222311 323234 100000240000210000330000314000241303224432113313221223212314333144222311
100000240000210000330000314000241303224432113313221223212314333144222311 323444 000000000000000000000004000003000003100202302113221223212314333144222311
000000000000000000000004000003000003100202302113221223212314333144222311 344431 000000000004000004000004000003000033100222302113221223212314333144222311
000000000004000004000004000003000033100222302113221223212314333144222311 443122 000000000000000000000000000000000000000000000000000000000000000000300000
000000000000000000000000000000000000000000000000000000000000000000300000 312214 000000000000000000000000000000000000000000000000000000000000000000330000
000000000000000000000000000000000000000000000000000000000000000000330000 221441 000000000000000000000000000000000000000000000000000000000000220000330000
=== end ===
000000000000000000000000000000000000000000000000000000000000000000000000 441421 000000000000000000000000000000000000000000000000000000000000000000044000
000000000000000000000000000000000000000000000000000000000000000000044000 142132 000000000000000000000000000000000000000000000000000000000000100000444000
000000000000000000000000000000000000000000000000000000000000100000444000 213234 000000000000000000000000000000000000000000000000000000020000110000444000
000000000000000000000000000000000000000000000000000000020000110000444000 323424 000000000000000000000000000000000000000000030000020000020000110000444000
000000000000000000000000000000000000000000030000020000020000110000444000 342422 000000000000000000000000000000000000000000030000020000020000110400444300
000000000000000000000000000000000000000000030000020000020000110400444300 242221 000000000000000000000000000000000000000000030000020000020000110420444340
000000000000000000000000000000000000000000030000020000020000110420444340 222134 000000000000000000000000000000000000000000030000020000020000110422444342
000000000000000000000000000000000000000000030000020000020000110422444342 213432 000000000000000000000000000000000000000000030000120000220000110422444342
000000000000000000000000000000000000000000030000120000220000110422444342 343212 000000000000000000000000000000000000000000030000120000220043110422444342
000000000000000000000000000000000000000000030000120000220043110422444342 321214 000000000000000000000000000000000000000000030000120030220243110422444342
000000000000000000000000000000000000000000030000120030220243110422444342 121432 000000000000000000000000000000010000020000030000120030220243110422444342
000000000000000000000000000000010000020000030000120030220243110422444342 143244 000000000000000000000000000000010000020000030000120030224243111422444342
000000000000000000000000000000010000020000030000120030224243111422444342 324414 000000000000000000000000000000010000020020030030120030224243111422444342
000000000000000000000000000000010000020020030030120030224243111422444342 441422 000000000000000000000000000000010000020020030034120034224243111422444342
000000000000000000000000000000010000020020030034120034224243111422444342 142244 000000000000000000000000000000010000020020030034124134224243111422444342
000000000000000000000000000000010000020020030034124134224243111422444342 224432 000000000000000000000000000000010002020022030034124134224243111422444342
000000000000000000000000000000010002020022030034124134224243111422444342 443241 000000000000000000000004000004010002020022030034124134224243111422444342
000000000000000000000004000004010002020022030034124134224243111422444342 324131 000000000003000002000004000004010002020022030034124134224243111422444342
000000000003000002000004000004010002020022030034124134224243111422444342 413141 000000000003000002000004010004010002020022430034124134224243111422444342
000000000003000002000004010004010002020022430034124134224243111422444342 314121 000000000003000002010004010004010002020022433034124134224243111422444342
000000000003000002010004010004010002020022433034124134224243111422444342 412141 000000000001000002010004010004010002023022433434124134224241111422444142
000000000001000002010004010004010002023022433434124134224241111422444142 214111 000000010001020002010004010004010002023022433434124134224241111422444142
000000010001020002010004010004010002023022433434124134224241111422444142 411132 000000000000000000000000000000000000000003000002010404040144014432024122
=== end ===
000000000000000000000000000000000000000000000000000000000000000000000000 113131 000000000000000000000000000000000000000000000000000000000000000000011000
000000000000000000000000000000000000000000000000000000000000000000011000 313123 000000000000000000000000000000000000000000000000000000000000300000111000
000000000000000000000000000000000000000000000000000000000000300000111000 312334 000000000000000000000000000000000000000000000000300000220000330000111000
000000000000000000000000000000000000000000000000300000220000330000111000 233421 000000000000000000000000000000000000000000000000000003000443333141111213
000000000000000000000000000000000000000000000000000003000443333141111213 342122 000000000000000000000000000000000000000000000220340213440443333141111213
000000000000000000000000000000000000000000000220340213440443333141111213 212243 000000000000000000000000040000040000240000220000343000441000333100111113
000000000000000000000000040000040000240000220000343000441000333100111113 224331 050000040000020000020000040000040000240000220000343000441000333100111213
050000040000020000020000040000040000240000220000343000441000333100111213 433134 000000000000000000000000000000000000000000000000000000000030001020003224
000000000000000000000000000000000000000000000000000000000030001020003224 313411 000000000000000000000000000000000000000000000000000000000130001320003224
=== end ===
