000000000000000000000000000000000000000000000000000000000000000000000000 321112 000000000000100000300000300000130120433440411140333422442121433211322132
000000000000100000300000300000130120433440411140333422442121433211322132 111222 000000000000000000000000000000000000000000000000000422002121233211322132
000000000000000000000000000000000000000000000000000422002121233211322132 122211 000000400000300000200000100000200000200000124000212422242121233211322132
=== end ===
000000000000000000000000000000000000000000000000000000000000000000000000 111244 000000000000000000000000000000000000000000000000000000000000000000011000
000000000000000000000000000000000000000000000000000000000000000000011000 124411 000000000000000000000000000000000000000000000000000000000000200000111000
000000000000000000000000000000000000000000000000000000000000200000111000 441132 000000000000000000000000000000000000000000000000000000000000204000111400
000000000000000000000000000000000000000000000000000000000000204000111400 113211 000000000000000000000000000000010000030000030000020000010300224300111443
000000000000000000000000000000010000030000030000020000010300224300111443 321134 000000030000040000010000340010240130410120110130420230420230424240111440
000000030000040000010000340010240130410120110130420230420230424240111440 113423 550000530000540550510450340210240130410120115135425235425235424245111445
=== end ===
000000000000000000000000000000000000000000000000000000000000000000000000 321213 000000000000000000000000000000000000000000000000000000000000000000000000
000000000000000000000000000000000000000000000000000000000000000000000000 121341 000000000000000000000000000000000000000000000000000000000000133000122000
000000000000000000000000000000000000000000000000000000000000133000122000 134143 000000000000000000000000000000000000000000000000004000211000133400122300
000000000000000000000000000000000000000000000000004000211000133400122300 414334 000000000000000000000000000000000000000000000100004201211303133403122344
000000000000000000000000000000000000000000000100004201211303133403122344 433411 000000000000000000000000000000000000002104004103244211211343133433122344
000000000000000000000000000000000000002104004103244211211343133433122344 341113 000000000000000000000000000300004100002104024103244211211343133433122344
000000000000000000000000000300004100002104024103244211211343133433122344 111324 000000000000000000000300001300044100022104024103244211211343133433122344
000000000000000000000300001300044100022104024103244211211343133433122344 132412 000000000000000000000000000000000000040304040303040211020343033433022344
000000000000000000000000000000000000040304040303040211020343033433022344 241211 000000000000000000000000000000000000040324040313040211020343033433022344
000000000000000000000000000000000000040324040313040211020343033433022344 121132 000000000000000000000000000000000120040324040313040211020343033433022344
000000000000000000000000000000000120040324040313040211020343033433022344 113214 000000000000000000000000000000000120040324040313041211021343033433022344
000000000000000000000000000000000120040324040313041211021343033433022344 321424 000000000000000000000000000000000120043324042313041211021343033433022344
000000000000000000000000000000000120043324042313041211021343033433022344 142424 000000000000000000000000000000000120043324042313041211021343433433122344
000000000000000000000000000000000120043324042313041211021343433433122344 242422 000000000000005505005205005455555125543324542313541211521343433433122344
=== end ===
000000000000000000000000000000000000000000000000000000000000000000000000 323133 000000000000000000000000000000000000000000000000000000000000000000003200
000000000000000000000000000000000000000000000000000000000000000000003200 313332 000000000000000000000000000000000000000000000000000000000000010000033200
000000000000000000000000000000000000000000000000000000000000010000033200 333223 000000000000000000000000000000000000000000000000000000000000010000033233
000000000000000000000000000000000000000000000000000000000000010000033233 322313 000000000000000000000000000000000000000000000000000000000000010320033233
000000000000000000000000000000000000000000000000000000000000010320033233 231322 000000000000000000000000000000000000000000000000000000000003010322033233
000000000000000000000000000000000000000000000000000000000003010322033233 132232 000000000000000000000000000000000000000000000000000000000003110322333233
000000000000000000000000000000000000000000000000000000000003110322333233 223242 000000000000000000000000000000000000000000000000200000200003110322333233
000000000000000000000000000000000000000000000000200000200003110322333233 324214 000000000000000000000000000000000000000000000000200300200203110322333233
000000000000000000000000000000000000000000000000200300200203110322333233 421432 000000000000000000000000000000000000000000400000200300220203110322333233
000000000000000000000000000000000000000000400000200300220203110322333233 143211 000000000000000000000000000000000000000000440000210300220203110322333233
000000000000000000000000000000000000000000440000210300220203110322333233 321114 000000000000000000000000000000000000000000440000210320220233110322333233
000000000000000000000000000000000000000000440000210320220233110322333233 111434 000000000000000000000000000000000000010000440000210320220233111322333233
000000000000000000000000000000000000010000440000210320220233111322333233 143442 000000000000000000000000000000440000110000440000210320223233111322333233
000000000000000000000000000000440000110000440000210320223233111322333233 344212 000000000000000000000000000000440000110000440002210323223233111322333233
000000000000000000000000000000440000110000440002210323223233111322333233 421211 000000000000000000000000000000440000110000444002212323223233111322333233
000000000000000000000000000000440000110000444002212323223233111322333233 121143 000000000000100000300000430000440000110110444122212323223233111322333233
000000000000100000300000430000440000110110444122212323223233111322333233 114332 000000000000000000500000500000500050155050335555212313223233111322333233
000000000000000000500000500000500050155050335555212313223233111322333233 433244 000000000000000000530000540000550000155050335555212313223233111322333233
000000000000000000530000540000550000155050335555212313223233111322333233 324433 000000000000000000500000500000500000105005335555212313223233111322333233
000000000000000000500000500000500000105005335555212313223233111322333233 443332 000000000000500000500005500505505505105505335555212313223233111322333233
000000000000500000500005500505505505105505335555212313223233111322333233 333232 000000000000500000500005500005500005100005335055212313223233111322333233
000000000000500000500005500005500005100005335055212313223233111322333233 323234 000000000000000000000000000000000000100000300000202313223233111322333233
=== end ===
000000000000000000000000000000000000000000000000000000000000000000000000 123111 000000000000000000000000000000000000000000000000000000000000000000001200
000000000000000000000000000000000000000000000000000000000000000000001200 311112 000000000000000000000000000000000000000000000000000000000000030000011200
000000000000000000000000000000000000000000000000000000000000030000011200 111223 000000000000000000000000000000000000000000000000000000000000030000011211
000000000000000000000000000000000000000000000000000000000000030000011211 122322 000000000000000000000000000000000000000000000000000000000000030120011211
000000000000000000000000000000000000000000000000000000000000030120011211 232224 000000000000000000000000000000000000000000000000000000000200033120011211
000000000000000000000000000000000000000000000000000000000200033120011211 222444 000000000000000000000000000000000000000000000000000000000202033122011211
000000000000000000000000000000000000000000000000000000000202033122011211 244421 000000000000000000000000000000000000000000000000020000040202033122011211
000000000000000000000000000000000000000000000000020000040202033122011211 442142 000000000000000000000000000000000000040000040000020000040202033122011211
000000000000000000000000000000000000040000040000020000040202033122011211 214243 000000000000000000000000000000000000040000040000022000041202033122011211
000000000000000000000000000000000000040000040000022000041202033122011211 424314 000000000000000000000000000000040000040000042000022000041202033122011211
000000000000000000000000000000040000040000042000022000041202033122011211 431434 000000000000000000000000000000040000040000042000022000041202433122311211
000000000000000000000000000000040000040000042000022000041202433122311211 143424 000000000000000000000040000011000314000434002433322411441212433122311211
000000000000000000000040000011000314000434002433322411441212433122311211 342424 000000000000000000000000000400000344000434002433322411441212433122311211
000000000000000000000000000400000344000434002433322411441212433122311211 242441 000000000000000000000004000402000344000434002433322411441212433122311211
000000000000000000000004000402000344000434002433322411441212433122311211 244111 000000000000000004000004000422000344000434002433322411441212433122311211
000000000000000004000004000422000344000434002433322411441212433122311211 411132 000000000000000004000004000422004344001434002433322411441212433122311211
000000000000000004000004000422004344001434002433322411441212433122311211 113241 000000000000000004000004000422004344011434012433322411441212433122311211
000000000000000004000004000422004344011434012433322411441212433122311211 324124 000000000000000034000024000422004344011434012433322411441212433122311211
000000000000000034000024000422004344011434012433322411441212433122311211 412441 000000000000000034000024010422044344011434012433322411441212433122311211
000000000000000034000024010422044344011434012433322411441212433122311211 244143 000000000000000000000000000000000000000000002000322011441212433122311211
000000000000000000000000000000000000000000002000322011441212433122311211 414312 000000000000000000000000000000000000010000042000322011441212433122311211
000000000000000000000000000000000000010000042000322011441212433122311211 431213 000000000000000000000000040000530005510555542555322511441212433122311211
000000000000000000000000040000530005510555542555322511441212433122311211 121333 000000000000000000002000045000535100515500542505322511441212433122311211
000000000000000000002000045000535100515500542505322511441212433122311211 133333 000000000000000000002000045000535000515000542505322511441212433122311211
000000000000000000002000045000535000515000542505322511441212433122311211 333323 000000000000000000002000045000535050515050542555322511441212433122311211
000000000000000000002000045000535050515050542555322511441212433122311211 332311 000000000000000000000000040000530050510050542555322511441212433122311211
000000000000000000000000040000530050510050542555322511441212433122311211 231142 050000050500530505530505545155535155515555542555322511441212433122311211
=== end ===
000000000000000000000000000000000000000000000000000000000000000000033000 122143 000005000051000022000042000044005512522322242114434333434244222114333221
000005000051000022000042000044005512522322242114434333434244222114333221 214312 000005000001000022000042004344055512522322142114434333434144222114333221
000005000001000022000042004344055512522322142114434333434144222114333221 431232 000005000001000422000342004344055512522322242114434333434244222114333221
000005000001000422000342004344055512522322242114434333434244222114333221 123221 000005000001000022000042000044000012022322242114434333434244222114333221
000005000001000022000042000044000012022322242114434333434244222114333221 322134 000005000001000022003042024044055012522022242114434333434244222114333221
000005000001000022003042024044055012522022242114434333434244222114333221 213421 000005000001000422003342224344155512522322242114434333434244222114333221
000005000001000422003342224344155512522322242114434333434244222114333221 342131 000005000051000022003042204044105012522322242114434333434244222114333221
000005000051000022003042204044105012522322242114434333434244222114333221 213124 000005000051010022023042224044155012522322242114434333434244222114333221
000005000051010022023042224044155012522322242114434333434244222114333221 312432 030305010451010422023342224344155512522322242114434333434244222114333221
030305010451010422023342224344155512522322242114434333434244222114333221 243234 030005012001014022023042224044155012522322242114434333434244222114333221
=== end ===
000000000000000000000000000000000000000000000000000000000000000000000000 322112 000000000000000000000000000000000000000000000000000000000000003000002000
000000000000000000000000000000000000000000000000000000000000003000002000 211233 000000000000000000000000000000000000000000000000000000000000013000022000
000000000000000000000000000000000000000000000000000000000000013000022000 123312 000000000000000000000000000000000000000000000000000000000000113000222000
000000000000000000000000000000000000000000000000000000000000113000222000 331241 000000000000000000000000000000000000000000000000000000000000113000222330
000000000000000000000000000000000000000000000000000000000000113000222330 124144 000000000000000000000000000000000000000000000000000000120000113000222330
000000000000000000000000000000000000000000000000000000120000113000222330 414414 000000000000000000000000000000000000000000100000400000120000113000222330
000000000000000000000000000000000000000000100000400000120000113000222330 441442 000000000000000000000000000000000000000000140000440000120000113000222330
000000000000000000000000000000000000000000140000440000120000113000222330 144212 000000000000000000000000000000000000000000140000440000120100113400222330
000000000000000000000000000000000000000000140000440000120100113400222330 421213 000000000000000000000000000000000000000000140000440000120100113402222334
000000000000000000000000000000000000000000140000440000120100113402222334 121332 000000000000000000000000000000000000120000140000440000120100113402222334
000000000000000000000000000000000000120000140000440000120100113402222334 133234 000000000000000000000000000000000000120000140000440100120100113432222334
000000000000000000000000000000000000120000140000440100120100113432222334 323443 000000000000000000000000000000000000120000140300440100122100113432222334
000000000000000000000000000000000000120000140300440100122100113432222334 344311 000000000000000000000000000000000000120300140300440100122140113432222334
000000000000000000000000000000000000120300140300440100122140113432222334 431123 000000000000000000000000000000000300120300140300440140122140113432222334
000000000000000000000000000000000300120300140300440140122140113432222334 112333 000000000000000000000100000100000300120300140300440140122140113432222334
000000000000000000000100000100000300120300140300440140122140113432222334 233341 000000000000000000000000000000000000120000140000440040120040110432222334
000000000000000000000000000000000000120000140000440040120040110432222334 334124 000000000000000000000000000000000000120000140000440340120340110432222334
000000000000000000000000000000000000120000140000440340120340110432222334 412413 000000000000000000000000000000000000000000000000000040000040000432222334
000000000000000000000000000000000000000000000000000040000040000432222334 241312 000000000000000000000000000000000300000300000300000100000100030330030322
000000000000000000000000000000000300000300000300000100000100030330030322 131242 000000000000000000000000000000000000000000000000000000000000000000000000
=== end ===
000000000000000000000000000000000000000000000000000000000000000000000000 211411 000000000000000000000000000000000000000000000000000000000000002000001000
000000000000000000000000000000000000000000000000000000000000002000001000 141111 000000000000000000000000000000000000000000000000000000000000402000101000
000000000000000000000000000000000000000000000000000000000000402000101000 111122 000000000000000000000000000000000000000000000000000000100000402010111010
000000000000000000000000000000000000000000000000000000100000402010111010 112233 000000000000000000000000000000000000000000000000000000100000402110111210
000000000000000000000000000000000000000000000000000000100000402110111210 223322 000000000000000000000000000000000000000000000000000000100000402112111212
000000000000000000000000000000000000000000000000000000100000402112111212 332244 000000000000000000000000000000000000000000000000000300100300402112111212
000000000000000000000000000000000000000000000000000300100300402112111212 224424 000000000000000000000000000000000000000000000000000320100320402112111212
000000000000000000000000000000000000000000000000000320100320402112111212 442422 000000000000000000000000000000000000000000000000000320140320442112111212
000000000000000000000000000000000000000000000000000320140320442112111212 242234 000000000000000000000000000000000000000000040000020320140320442112111212
000000000000000000000000000000000000000000040000020320140320442112111212 223413 000000000000000000000000000000000000000000240000220320140320442112111212
000000000000000000000000000000000000000000240000220320140320442112111212 341334 000000000000000000000000000000000000000000240000220323140324442112111212
000000000000000000000000000000000000000000240000220323140324442112111212 133433 000000000000000000000000000000000000000000240000223323141324442112111212
000000000000000000000000000000000000000000240000223323141324442112111212 343332 000000000000000000000000000000000000000000240034223323141324442112111212
000000000000000000000000000000000000000000240034223323141324442112111212 333233 000000000000000000000000000000000000330000240034223323141324442112111212
000000000000000000000000000000000000330000240034223323141324442112111212 323324 000000000000000000000000000000230000330000240034223323141324442112111212
000000000000000000000000000000230000330000240034223323141324442112111212 332411 000000000000000000000000000000230003330003240034223323141324442112111212
000000000000000000000000000000230003330003240034223323141324442112111212 241121 000000000000000000000000240000230003330003240034223323141324442112111212
000000000000000000000000240000230003330003240034223323141324442112111212 112111 000000000000000000000000240000230003330103240134223323141324442112111212
000000000000000000000000240000230003330103240134223323141324442112111212 211141 000000000000000000000000240000230203330113240134223323141324442112111212
000000000000000000000000240000230203330113240134223323141324442112111212 114124 000000000000000000000001240001230203330113240134223323141324442112111212
000000000000000000000001240001230203330113240134223323141324442112111212 412423 000000000000000000000001240101230203330113244134223323141324442112111212
000000000000000000000001240101230203330113244134223323141324442112111212 242342 000000000000000000240000240100230200330100244100223320141324442112111212
000000000000000000240000240100230200330100244100223320141324442112111212 234222 000000050000040000040001040131032223334113244134223323141324442112111212
000000050000040000040001040131032223334113244134223323141324442112111212 422222 000000000000040400040401040131032223334113244134223323141324442112111212
000000000000040400040401040131032223334113244134223323141324442112111212 222233 000000050000040405540401245131232223334113244134223323141324442112111212
000000050000040405540401245131232223334113244134223323141324442112111212 223331 000002000002040405540401245131232223334113244134223323141324442112111212
000002000002040405540401245131232223334113244134223323141324442112111212 333113 000002000002040405540401245131232223334113244134223323141324442112111212
000002000002040405540401245131232223334113244134223323141324442112111212 311334 000002150002340405540401245131232223334113244134223323141324442112111212
000002150002340405540401245131232223334113244134223323141324442112111212 133423 130002150002340405540401245131232223334113244134223323141324442112111212
130002150002340405540401245131232223334113244134223323141324442112111212 342321 000000000000000000000000000000000000000000000001000101102204134123324114
000000000000000000000000000000000000000000000001000101102204134123324114 232134 000000000000000000000000000002000002000205000201000101102204134123324114
000000000000000000000000000002000002000205000201000101102204134123324114 213441 000000000000000000000000000002000002000205000201000121102214134123324114
000000000000000000000000000002000002000205000201000121102214134123324114 344141 000000000000000000000000000002000002000205000201040121132214134123324114
000000000000000000000000000002000002000205000201040121132214134123324114 414133 000000000000000000000000000002000002000205400201140121132214134123324114
000000000000000000000000000002000002000205400201140121132214134123324114 413342 000000000000000000000000000002100002400205400201140121132214134123324114
000000000000000000000000000002100002400205400201140121132214134123324114 334231 000000000000000000300000300002100002400205400201140121132214134123324114
000000000000000000300000300002100002400205400201140121132214134123324114 423141 000000000000000000300000300002100002440205420201140121132214134123324114
000000000000000000300000300002100002440205420201140121132214134123324114 314133 000000000000000000300000300002100002440215420231140121132214134123324114
000000000000000000300000300002100002440215420231140121132214134123324114 413332 000000000000000000300000300002100412440215420231140121132214134123324114
000000000000000000300000300002100412440215420231140121132214134123324114 333241 000000000000000000300030300030100410440210420231140121132214134123324114
000000000000000000300030300030100410440210420231140121132214134123324114 324144 000000000000000000300030300030100410440210423231142121132214134123324114
000000000000000000300030300030100410440210423231142121132214134123324114 414411 000000000000000000000000000000000000000000000005000002000002051004023504
000000000000000000000000000000000000000000000005000002000002051004023504 441123 000000000000000000000000000000000000000004000005000002000002051044023554
000000000000000000000000000000000000000004000005000002000002051044023554 112332 000000000000000000000000000000000000000004000005000002000012051144023554
000000000000000000000000000000000000000004000005000002000012051144023554 233233 000000000000000000000000000000000000000004000005000002000002001004023004
000000000000000000000000000000000000000004000005000002000002001004023004 323344 000000000000000000000000000000000000000004000005000002000002001004023004
000000000000000000000000000000000000000004000005000002000002001004023004 334421 000000000000000000000000000000000000000004000005000002000002001004023004
000000000000000000000000000000000000000004000005000002000002001004023004 442123 000000000000000000000000000004000004000004000005000002000002001004023004
000000000000000000000000000004000004000004000005000002000002001004023004 212342 000000000000000000000000000004000004000004000005000002000002001004023004
000000000000000000000000000004000004000004000005000002000002001004023004 234213 000000000000000000000000000004000004000304000205000302000302001104023504
000000000000000000000000000004000004000304000205000302000302001104023504 421331 000000000000000050000010000224005434005324505225505332555312551144523554
=== end ===
000000000000000000000000000000000000000000000000000000000000000000000000 144443 000000000000000000000000000000000000000000000000000000000000001000444000
000000000000000000000000000000000000000000000000000000000000001000444000 444313 000000000000000000000000000000400000400000300000403000434303111433444221
000000000000000000000000000000400000400000300000403000434303111433444221 431321 000000000000000000000000000000400000400000310000433030434323111433444221
000000000000000000000000000000400000400000310000433030434323111433444221 132144 000000000000000000000000000000400000400000310002433032434323111433444221
000000000000000000000000000000400000400000310002433032434323111433444221 214421 000000000000000000000000000000400000400000310102433232434323111433444221
000000000000000000000000000000400000400000310102433232434323111433444221 442123 000000000000000000000000000000400000400040310142433232434323111433444221
000000000000000000000000000000400000400040310142433232434323111433444221 212334 000000000000000000000000000000400000402040311142433232434323111433444221
000000000000000000000000000000400000402040311142433232434323111433444221 233434 000000000000000000000000000000430000422040311142433232434323111433444221
000000000000000000000000000000430000422040311142433232434323111433444221 343431 000000000000000000000000000000430003422044311142433232434323111433444221
000000000000000000000000000000430003422044311142433232434323111433444221 343113 000000000000000000000000000040430033422044311142433232434323111433444221
000000000000000000000000000040430033422044311142433232434323111433444221 311342 000000000000000000000001000043430033422044311142433232434323111433444221
000000000000000000000001000043430033422044311142433232434323111433444221 134214 000000000000000003000011000043430033422044311142433232434323111433444221
000000000000000003000011000043430033422044311142433232434323111433444221 421421 000000000000000003000011000043430433422244311142433232434323111433444221
000000000000000003000011000043430433422244311142433232434323111433444221 142141 000000000000000003000011001043434433422244311142433232434323111433444221
000000000000000003000011001043434433422244311142433232434323111433444221 214131 000000000000000003000111001243434433422244311142433232434323111433444221
000000000000000003000111001243434433422244311142433232434323111433444221 413114 000000000000000003100111401243434433422244311142433232434323111433444221
000000000000000003100111401243434433422244311142433232434323111433444221 311432 000003000001000003100111401243434433422244311142433232434323111433444221
000003000001000003100111401243434433422244311142433232434323111433444221 143243 000003400001100003100111401243434433422244311142433232434323111433444221
000003400001100003100111401243434433422244311142433232434323111433444221 324342 000003400021100033100111401243434433422244311142433232434323111433444221
000003400021100033100111401243434433422244311142433232434323111433444221 434234 000003400421100333100111401243434433422244311142433232434323111433444221
000003400421100333100111401243434433422244311142433232434323111433444221 423443 000003400421104333102111401243434433422244311142433232434323111433444221
000003400421104333102111401243434433422244311142433232434323111433444221 344324 000403400421104333102111401243434433422244311142433232434323111433444221
000403400421104333102111401243434433422244311142433232434323111433444221 432444 000000000000000000000000000000000000000000000000000000000000000020000031
000000000000000000000000000000000000000000000000000000000000000020000031 244441 000000000000000000000000000000000000000000000000000000000004000022000031
000000000000000000000000000000000000000000000000000000000004000022000031 444142 000000000000000000000000000000000000000000000004000004000004000022000031
000000000000000000000000000000000000000000000004000004000004000022000031 414221 000000000000000000000000000000000004000001000004000004000004000022000031
000000000000000000000000000000000004000001000004000004000004000022000031 422142 000000000000000000000002000004000004000000000004000004000004000022000030
=== end ===
000000000000000000000000000000000000000000000000000000000000000000000000 123112 000000000000000000000000000000000000000000000000000000000000000000001200
000000000000000000000000000000000000000000000000000000000000000000001200 311243 000000000000000000000000000000000000000000000000000000000000030000011200
000000000000000000000000000000000000000000000000000000000000030000011200 124323 000000000000000000000000000000000000000000000000000000000200030100011200
000000000000000000000000000000000000000000000000000000000200030100011200 432324 000000000000000000000000000000000000000000000000000000000200430100311200
000000000000000000000000000000000000000000000000000000000200430100311200 232411 000000000000000000000000000000000000000000000000000200000200433100311200
000000000000000000000000000000000000000000000000000200000200433100311200 241111 000000000000000000000000000000000000000000000000020200040200433100311200
000000000000000000000000000000000000000000000000020200040200433100311200 111112 050000011000012404031314021243343214313324414242313212441212433124311211
050000011000012404031314021243343214313324414242313212441212433124311211 111243 050021011022012434031314021243343214313324414242313212441212433124311211
=== end ===
000000000000000000000000000000000000000000000000000000000000000000000000 414114 000000000000000000000000000000000000000000000000000000000000040000010000
000000000000000000000000000000000000000000000000000000000000040000010000 411441 000000000000000000000000000000000000000000000000000000000000044000011000
000000000000000000000000000000000000000000000000000000000000044000011000 144133 000000000000000000000000000000000000000000000000000000000000444000111000
000000000000000000000000000000000000000000000000000000000000444000111000 413332 000000000000000000000000000000000000000000000000000000000000000000000000
000000000000000000000000000000000000000000000000000000000000000000000000 333221 000000000000000000000000000000000000000000000000000000000000000000000330
000000000000000000000000000000000000000000000000000000000000000000000330 322112 000000000000000000000000000000000000000000000000000000000000000002000333
000000000000000000000000000000000000000000000000000000000000000002000333 211224 000000000000000000000000000000000000000000000000000000000000000122000333
000000000000000000000000000000000000000000000000000000000000000122000333 122433 000000000000000000000000000000000000000000000000000000000120000122000333
000000000000000000000000000000000000000000000000000000000120000122000333 243313 000000000000000000000000000000000000000000000020000040000120000122000333
000000000000000000000000000000000000000000000020000040000120000122000333 331323 000000000000000000000000000000000000000000000020000043000123000122000333
000000000000000000000000000000000000000000000020000043000123000122000333 132313 000000000000000000000000000000000000000000000020000043000123003122001333
000000000000000000000000000000000000000000000020000043000123003122001333 231333 000000000000000000000000000000000000000020000023000043000123003122001333
000000000000000000000000000000000000000020000023000043000123003122001333 133314 000000000000000000000000000000000000000020000023000043000123033122011333
000000000000000000000000000000000000000020000023000043000123033122011333 331443 000000000000000000000000000000000000000020000023000043000123000122011333
000000000000000000000000000000000000000020000023000043000123000122011333 144343 000000000000000000000000000000000050000020000123055443555123555122511333
000000000000000000000000000000000050000020000123055443555123555122511333 434313 000000000000000000000000000000000555004525003123055443555123555122511333
000000000000000000000000000000000555004525003123055443555123555122511333 431321 000000000000000000000000000000000555004525303123455443555123555122511333
000000000000000000000000000000000555004525303123455443555123555122511333 132123 000000000000000000000000000000000055104025303123405443555123555122511333
000000000000000000000000000000000055104025303123405443555123555122511333 212313 000000000000000000000000200000100055100525300123400443555123555122511333
000000000000000000000000200000100055100525300123400443555123555122511333 231342 000000000000300000200000200000100055100525330123450443555123555122511333
000000000000300000200000200000100055100525330123450443555123555122511333 134223 000000000000300000200000200000130055114525333123455443555123555122511333
000000000000300000200000200000130055114525333123455443555123555122511333 422324 000000000000300000200000200000100000100020300123400443500123505122511333
000000000000300000200000200000100000100020300123400443500123505122511333 232411 000000200000330000220000240000130000114520333123455443555123555122511333
000000200000330000220000240000130000114520333123455443555123555122511333 241122 000000200000330000220000240250134555114525333123455443555123555122511333
000000200000330000220000240250134555114525333123455443555123555122511333 112213 100000200000330000220000240200130500110520330123450443550123555122511333
100000200000330000220000240200130500110520330123450443550123555122511333 221323 100000200000330200220200240200134500114520333123455443555123555122511333
100000200000330200220200240200134500114520333123455443555123555122511333 132323 100000200000300200200200200200100500100520300123400443555123555122511333
100000200000300200200200200200100500100520300123400443555123555122511333 232314 140000230000330000220000243000134050114520333123455443555123555122511333
140000230000330000220000243000134050114520333123455443555123555122511333 231443 100000200000300000203000203000104200104520303123405443555123555122511333
100000200000300000203000203000104200104520303123405443555123555122511333 144334 140000230000330000223000243410134250114520333123455443555123555122511333
140000230000330000223000243410134250114520333123455443555123555122511333 433411 000000000000000000000000000410000450000220000123400443555123555122511333
000000000000000000000000000410000450000220000123400443555123555122511333 341131 000000000000000000000000000410000450000220003123404443555123555122511333
000000000000000000000000000410000450000220003123404443555123555122511333 113114 000000000000000000000000000400000400000220000123400443550123555122511333
000000000000000000000000000400000400000220000123400443550123555122511333 311421 000000000000000000000000000400000400000220000123400443550123555122511333
000000000000000000000000000400000400000220000123400443550123555122511333 142141 000000000000000000000000000000555000555005555055555055515555553415511435
=== end ===
000000000000000000000000000000000000000000000000000000000000000000011000 442111 000000000000000000000000000000000000000000000000000000000000044000011000
000000000000000000000000000000000000000000000000000000000000044000011000 211133 000000000000000000000000000000000000000000000000000000000000044100011200
000000000000000000000000000000000000000000000000000000000000044100011200 113312 000000000000000000000000000000000000000000000000000000000000044100011211
000000000000000000000000000000000000000000000000000000000000044100011211 331232 000000000000000000000000000000000000000000000000000000000000044133011211
000000000000000000000000000000000000000000000000000000000000044133011211 123244 000000000000000000000000000000000000000000000000000000012000044133011211
000000000000000000000000000000000000000000000000000000012000044133011211 324441 000000000000000000000000000000000000000000000000000002012003044133011211
000000000000000000000000000000000000000000000000000002012003044133011211 444124 000000000000000000000000000000000000000000004000004002012003044133011211
000000000000000000000000000000000000000000004000004002012003044133011211 412443 000000000000000000000000000000000000000000004000004002012003444133111211
000000000000000000000000000000000000000000004000004002012003444133111211 244344 000000000000000000000000000000000000000000004000004202012403444133111211
000000000000000000000000000000000000000000004000004202012403444133111211 434432 000000000000000000000000000000000000000300004400004202012403444133111211
000000000000000000000000000000000000000300004400004202012403444133111211 443211 000000000000000000000000000400000400000300004400004202012403444133111211
000000000000000000000000000400000400000300004400004202012403444133111211 321141 000000000000000000000000000400000400000302004403004202012403444133111211
000000000000000000000000000400000400000302004403004202012403444133111211 114111 000000000000000000000000200000100000142000142000312400334300224432311242
000000000000000000000000200000100000142000142000312400334300224432311242 411132 500000500000550000550000220000120000142000142050312450334350224432311242
=== end ===
000000000000000000000000000000000000000000000000000000000000000000000000 142142 000000000000000000000000000000000000000000000000000000000000000000001400
000000000000000000000000000000000000000000000000000000000000000000001400 214231 000000000000000000000000000000000000000000000000000000000000020000011400
000000000000000000000000000000000000000000000000000000000000020000011400 423131 000000000000000000000000000000000000000000000000000000004000022000011400
000000000000000000000000000000000000000000000000000000004000022000011400 313133 000000000000000000000000000000000000000000000000000000004000022003011401
000000000000000000000000000000000000000000000000000000004000022003011401 313334 000000000000000000000000000000000000000000000000000000004000022033011411
000000000000000000000000000000000000000000000000000000004000022033011411 333424 000000000000000000000000000000000000000000000000000000004000322033311411
000000000000000000000000000000000000000000000000000000004000322033311411 342411 000000000000000000000000000000000000000000000000000000344000322033311411
000000000000000000000000000000000000000000000000000000344000322033311411 241131 000000000000000000000000000000000000000000000000000000344400322233311411
000000000000000000000000000000000000000000000000000000344400322233311411 113111 000000000000000000000000000000000000000000000000001100344400322233311411
000000000000000000000000000000000000000000000000001100344400322233311411 311121 000000000000000000000000000000000000000000000000001101344403322233311411
000000000000000000000000000000000000000000000000001101344403322233311411 112133 000000000000000000000000000003300403432244134411411121344423322233311411
000000000000000000000000000003300403432244134411411121344423322233311411 213333 000000000000000000000000200003430003430044134411411121344423322233311411
000000000000000000000000200003430003430044134411411121344423322233311411 333333 000000000000000000000000200003430033430344134411411121344423322233311411
000000000000000000000000200003430033430344134411411121344423322233311411 333321 000000000000000000000000200000400000400044104411411121344423322233311411
000000000000000000000000200000400000400044104411411121344423322233311411 332114 000000000000000000000000200000403000403044104411411121344423322233311411
000000000000000000000000200000403000403044104411411121344423322233311411 211431 000000000000000000000000000000200000400044400011400021303023303033311411
=== end ===
000000000000000000000000000000000000000000000000000000000000000000000000 121111 000000000000000000000000000000000000030000030010010110010240130433123344
000000000000000000000000000000000000030000030010010110010240130433123344 111133 000000000000000000000000000100040100030100033210012110213240134433123344
000000000000000000000000000100040100030100033210012110213240134433123344 113342 000000000000000000030000030100040120030120033210012110213240134433123344
000000000000000000030000030100040120030120033210012110213240134433123344 334221 000000000000000100030240030140040120030120433210212110213240134433123344
000000000000000100030240030140040120030120433210212110213240134433123344 422141 000000000000000100030240030140042120032120433210212110213240134433123344
000000000000000100030240030140042120032120433210212110213240134433123344 214111 000000000000000100031240032140042120032120433210212110213240134433123344
000000000000000100031240032140042120032120433210212110213240134433123344 411131 000000000000000100031240032140142120432120433210212110213240134433123344
000000000000000100031240032140142120432120433210212110213240134433123344 113113 000000000000000100131240132140142120432120433210212110213240134433123344
000000000000000100131240132140142120432120433210212110213240134433123344 311314 000000100000300100131240132140142120432120433210212110213240134433123344
000000100000300100131240132140142120432120433210212110213240134433123344 131434 000000000000000100001240002140042120432120433210212110213240134433123344
000000000000000100001240002140042120432120433210212110213240134433123344 143411 000000000010000140001240002140042120432120433210212110213240134433123344
000000000010000140001240002140042120432120433210212110213240134433123344 341123 000000000010000040000040000040000020000120000210210110213240134433123344
000000000010000040000040000040000020000120000210210110213240134433123344 112312 000000000010000040000040000140000120000120000210210114213243134433123344
000000000010000040000040000140000120000120000210210114213243134433123344 231242 000000000010000040000040000140000120300120200210210114213243134433123344
000000000010000040000040000140000120300120200210210114213243134433123344 124222 000000000000000000000000000000000000300000200000200000203003134433123344
000000000000000000000000000000000000300000200000200000203003134433123344 422221 000000000000000000000000000000000000300000200000200020203043134433123344
000000000000000000000000000000000000300000200000200020203043134433123344 222123 000000000000000000000000000000000000300000200002200022203043134433123344
000000000000000000000000000000000000300000200002200022203043134433123344 212344 000000000000000000000000000000000000300000201002202022203043134433123344
000000000000000000000000000000000000300000201002202022203043134433123344 234422 000000000000000000000000000000000002300003201002202022203043134433123344
000000000000000000000000000000000002300003201002202022203043134433123344 442241 000000000000000000000000000000004002304003201002202022203043134433123344
000000000000000000000000000000004002304003201002202022203043134433123344 224121 000000000000000000000002000002004002304003201002202022203043134433123344
000000000000000000000002000002004002304003201002202022203043134433123344 412123 000000000000000000000002000002004002304003201002242022213043134433123344
000000000000000000000002000002004002304003201002242022213043134433123344 212331 000000000000000000000000000000000000000000000000000000000002004002344002
=== end ===
000000000000000000000000000000000000000000000000000000000000003000004000 444423 000000000000000000000000000000000000000000000000000000000000003000444000
000000000000000000000000000000000000000000000000000000000000003000444000 442311 000000000000000000000000000000000000000000000000000000000000003000444044
000000000000000000000000000000000000000000000000000000000000003000444044 231123 000000000000000000000000000000000000000000000000000000200000303000444044
000000000000000000000000000000000000000000000000000000200000303000444044 112344 000000000000000000000000000000000000000000000000000000200000303011444044
000000000000000000000000000000000000000000000000000000200000303011444044 234412 000000000000000000000000000000000000000000000000000000220000333011444044
000000000000000000000000000000000000000000000000000000220000333011444044 441232 000000000000000000000000000000000000000000000000004000224000333011444044
000000000000000000000000000000000000000000000000004000224000333011444044 123232 000000000000000000000000000000000000000000100000204000224000333011444044
000000000000000000000000000000000000000000100000204000224000333011444044 323211 000000000000000000000000000000000000200000100000234000224000333011444044
000000000000000000000000000000000000200000100000234000224000333011444044 321112 000000000000000000000000000000000000203000102000234000224000333011444044
000000000000000000000000000000000000203000102000234000224000333011444044 111244 000000000000000000000000000000000000213000112000234000224000333011444044
000000000000000000000000000000000000213000112000234000224000333011444044 124424 000000000000000000000000000000000000213000112000234000224020333011444144
000000000000000000000000000000000000213000112000234000224020333011444144 442413 000000000000000000000000000000000000213000112000234004224024333011444144
000000000000000000000000000000000000213000112000234004224024333011444144 241324 000000000000000000000000000000000000213000112000234024224024333411444144
000000000000000000000000000000000000213000112000234024224024333411444144 132434 000002000002000044000032000031000044200012100024200024220124330411444144
000002000002000044000032000031000044200012100024200024220124330411444144 243413 000042000032000444004332003431555344213112112324234324224124333411444144
000042000032000444004332003431555344213112112324234324224124333411444144 341312 000000000000000002000002000002550301213112112324234324224124333411444144
000000000000000002000002000002550301213112112324234324224124333411444144 131242 000004000005000002000002001002553321213112112324234324224124333411444144
000004000005000002000002001002553321213112112324234324224124333411444144 124222 000000000000000000000000000000000000000000000000000000000000000000002004
000000000000000000000000000000000000000000000000000000000000000000002004 422244 000000000000000000000000000000000000000000000000000000000002000004002004
000000000000000000000000000000000000000000000000000000000002000004002004 224432 000000000000000000000000000000000000000000000000000000000002000004002224
=== end ===
000000000000000000000000000000000000000000000000000000000000003000002000 342114 000000000000000000000000000000000000000000000000004000003000003000002000
000000000000000000000000000000000000000000000000004000003000003000002000 211424 000000000000000000000000000000000000002000001000004000003000003000002000
000000000000000000000000000000000000002000001000004000003000003000002000 142441 000000000000000000000000000000000000002000001000004000003000013000042000
000000000000000000000000000000000000002000001000004000003000013000042000 244131 000000000000000000000000002000004000002000001000004000003000013000042000
=== end ===
000000000000000000000000000000000000000000000000000000000000300000300000 243222 000000000000000000000000000000000000000000000000000000000000320000340000
000000000000000000000000000000000000000000000000000000000000320000340000 322224 000000000000000000000000000000000000000000000000000000320000320000340000
000000000000000000000000000000000000000000000000000000320000320000340000 222424 000000000000000000000000000000000000000000200000200000320000320000340000
000000000000000000000000000000000000000000200000200000320000320000340000 242432 000000000000000000000000000000000000000000200000200000320000320000344200
000000000000000000000000000000000000000000200000200000320000320000344200 243211 000000000000000000000000000000000000000000200000200000320000324200344200
000000000000000000000000000000000000000000200000200000320000324200344200 321114 000000000000000000000000000000000000000000200000200000320000324200344223
000000000000000000000000000000000000000000200000200000320000324200344223 111414 000000000000000000000000000000000000000000200000200000320001324201344223
000000000000000000000000000000000000000000200000200000320001324201344223 141442 000000000000000000000000000000000000000000200000200004320001324211344223
000000000000000000000000000000000000000000200000200004320001324211344223 144211 000000000000000000000000000000000000000001200004200004320001324211344223
000000000000000000000000000000000000000001200004200004320001324211344223 421131 000000000000000000000000000000000000000001200004200044320021324211344223
000000000000000000000000000000000000000001200004200044320021324211344223 113112 000000000000000000000000000000000000000001200004201044321021324211344223
000000000000000000000000000000000000000001200004201044321021324211344223 311243 000000000000000000000000000000000000000001210004231044321021324211344223
000000000000000000000000000000000000000001210004231044321021324211344223 124313 000000000000000000000000000000000000210001210004231044321021324211344223
000000000000000000000000000000000000210001210004231044321021324211344223 431321 000000000000000000000000000000000000210001210004231344321421324211344223
000000000000000000000000000000000000210001210004231344321421324211344223 132144 000000000000000000000000000000000000210101210304231344321421324211344223
000000000000000000000000000000000000210101210304231344321421324211344223 214433 000000000000000000000000000000000100210101212304231344321421324211344223
000000000000000000000000000000000100210101212304231344321421324211344223 443332 000000000000000000000000000000004100214101212304231344321421324211344223
000000000000000000000000000000004100214101212304231344321421324211344223 333232 000000000000000000000000000000004103214101212334231344321421324211344223
000000000000000000000000000000004103214101212334231344321421324211344223 323223 000000000000000000000000000000004133214121212334231344321421324211344223
000000000000000000000000000000004133214121212334231344321421324211344223 322321 000000000000000000000000000230004133214121212334231344321421324211344223
000000000000000000000000000230004133214121212334231344321421324211344223 232143 000000000000000000000320000230004133214121212334231344321421324211344223
000000000000000000000320000230004133214121212334231344321421324211344223 214342 000000000100000200000320000230004133214121212334231344321421324211344223
000000000100000200000320000230004133214121212334231344321421324211344223 434221 000500000100000250000320505235504133204121202334201344321421324211344223
=== end ===
000000000000000000000000000000000000000000000000000000000000000000000000 421442 000000000000000000000000000000000000000000000000000000000000000000004200
000000000000000000000000000000000000000000000000000000000000000000004200 144213 000000000000000000000000000000000000000000000000000000000000010000044200
000000000000000000000000000000000000000000000000000000000000010000044200 421341 000000000000000000000000000000000000000000000000000000000200010400044200
000000000000000000000000000000000000000000000000000000000200010400044200 134111 000000000000000000000000000000000000000000000000000000000200310400144200
000000000000000000000000000000000000000000000000000000000200310400144200 411113 000000000000000000000000000000000000000000000000000000004200311400144200
000000000000000000000000000000000000000000000000000000004200311400144200 111331 000000000000000000000000000000000000000000100000100000334200311400144200
000000000000000000000000000000000000000000100000100000334200311400144200 133143 000000000000000000000000000000100000300000100000100000334200311400144222
000000000000000000000000000000100000300000100000100000334200311400144222 314312 000000000000000000000000000000100000300000100400112100334231311441144222
000000000000000000000000000000100000300000100400112100334231311441144222 431244 000000000000000000000000000000100000300000122400112112334231311441144222
000000000000000000000000000000100000300000122400112112334231311441144222 124434 000000000000000000000400000400100200300433122441112112334231311441144222
000000000000000000000400000400100200300433122441112112334231311441144222 443412 000000000000000000100000200000100243300433122441112112334231311441144222
000000000000000000100000200000100243300433122441112112334231311441144222 341221 000000000000000000100220200110100243300433122441112112334231311441144222
000000000000000000100220200110100243300433122441112112334231311441144222 122134 000000000000000000100220200110102243303433122441112112334231311441144222
000000000000000000100220200110102243303433122441112112334231311441144222 213444 000000000000000000100222200111102243303433122441112112334231311441144222
000000000000000000100222200111102243303433122441112112334231311441144222 344411 000000000000000043100222200111102243303433122441112112334231311441144222
000000000000000043100222200111102243303433122441112112334231311441144222 441134 000000000400000443100222200111102243303433122441112112334231311441144222
000000000400000443100222200111102243303433122441112112334231311441144222 113422 000010000410000443100222200111102243303433122441112112334231311441144222
000010000410000443100222200111102243303433122441112112334231311441144222 342214 000010000410000443104222203111102243303433122441112112334231311441144222
000010000410000443104222203111102243303433122441112112334231311441144222 221442 000210000410000443104222203111102243303433122441112112334231311441144222
=== end ===
000000000000000000000000000000000000000000000000000000000000000000004300 242221 000000000000000000000000000000000000000000000000000000000000020000044300
000000000000000000000000000000000000000000000000000000000000020000044300 222141 000000000000000000000000000000000000000000000000000000000000220000244300
000000000000000000000000000000000000000000000000000000000000220000244300 214144 000000000000000000000000000000000000000000000000020000010000220000244300
000000000000000000000000000000000000000000000000020000010000220000244300 414434 000000000000000000000000000000000000000000000000420000110000220000244300
000000000000000000000000000000000000000000000000420000110000220000244300 443423 000000000000000000000000000000000000400000400000420000110000220000244300
000000000000000000000000000000000000400000400000420000110000220000244300 342323 000000000000000000000000000000000000400000400000420000110000220040244330
000000000000000000000000000000000000400000400000420000110000220040244330 232324 000000000000000000000000000000000000400000420000420000110000223040244330
000000000000000000000000000000000000400000420000420000110000223040244330 232433 000000000000000000000000000000000000400000420000420000110020223040244333
000000000000000000000000000000000000400000420000420000110020223040244333 243331 000000000000000000000000000000000000400000420000420000110022223044244333
000000000000000000000000000000000000400000420000420000110022223044244333 333142 000000000000000000000000000000000000400000420003420003110022223044244333
000000000000000000000000000000000000400000420003420003110022223044244333 314242 000000000000000000000000000000000000400001420003420033110022223044244333
000000000000000000000000000000000000400001420003420033110022223044244333 424244 000000000000000000000000000000000000400001420003420033110222223444244333
000000000000000000000000000000000000400001420003420033110222223444244333 424423 000000000000000000000000000000000000400001420023420433110222223444244333
000000000000000000000000000000000000400001420023420433110222223444244333 442313 000000000000000000000000000000000000400001420423420433114222223444244333
000000000000000000000000000000000000400001420423420433114222223444244333 231313 000000000000000000000000000002000003400001420423420433114222223444244333
000000000000000000000000000002000003400001420423420433114222223444244333 131332 000000000000000000000000000002000003400301420423421433114222223444244333
000000000000000000000000000002000003400301420423421433114222223444244333 133242 000000000000000000000000000002000003403301421423421433114222223444244333
000000000000000000000000000002000003403301421423421433114222223444244333 324243 000000000000000000000000000002020003433301421423421433114222223444244333
000000000000000000000000000002020003433301421423421433114222223444244333 424321 000000000000000000000000000002022403433301421423421433114222223444244333
000000000000000000000000000002022403433301421423421433114222223444244333 432143 000000000000000000000000003402022403433301421423421433114222223444244333
000000000000000000000000003402022403433301421423421433114222223444244333 214331 000000000000000000000002003402022403433311421423421433114222223444244333
000000000000000000000002003402022403433311421423421433114222223444244333 433121 000000000000000000003402003402022403433311421423421433114222223444244333
000000000000000000003402003402022403433311421423421433114222223444244333 312134 000000000000000003003402003402022413433311421423421433114222223444244333
000000000000000003003402003402022413433311421423421433114222223444244333 213432 000000000000000003003412003422022413433311421423421433114222223444244333
000000000000000003003412003422022413433311421423421433114222223444244333 343234 000000000000004003003412033422022413433311421423421433114222223444244333
000000000000004003003412033422022413433311421423421433114222223444244333 323424 000000000000000003000012025022022013433311421423421433114222223444244333
000000000000000003000012025022022013433311421423421433114222223444244333 342441 000000000000040003053012025022022013433311421423421433114222223444244333
000000000000040003053012025022022013433311421423421433114222223444244333 244111 000000000000000003000012000022000013000011021423021433114222223444244333
000000000000000003000012000022000013000011021423021433114222223444244333 411143 000000000000000003000012000022000013000011421423121433114222223444244333
000000000000000003000012000022000013000011421423121433114222223444244333 114323 000000000010000013000012000022000013000011421423121433114222223444244333
000000000010000013000012000022000013000011421423121433114222223444244333 432311 000000000010000013000012000022000013003411421423121433114222223444244333
000000000010000013000012000022000013003411421423121433114222223444244333 231134 000000000010000013000012000322011213413411421423121433114222223444244333
000000000010000013000012000322011213413411421423121433114222223444244333 113433 000001000014000013003212043322011213413411421423121433114222223444244333
=== end ===
000000000000000000000000000000000000000000000000000000000000000000000000 111144 000000000000000000000000000000000000000000000000000000000000001000001000
000000000000000000000000000000000000000000000000000000000000001000001000 114411 000000000000000000000000000000000000000000000000000000000000000000000000
000000000000000000000000000000000000000000000000000000000000000000000000 441111 000000000000000000000000000000000000000000000000000000000000000000000044
=== end ===
000000000000000000000000000000000000000000000000000000000000000000000000 422241 000000000000000000000000000000000000000000000000000000000000004000002000
000000000000000000000000000000000000000000000000000000000000004000002000 224131 000000000000000000000000000000000000000000000000000000000000004000222000
000000000000000000000000000000000000000000000000000000000000004000222000 413134 000000000000000000000000000000000000000000000000000000100000404000222000
000000000000000000000000000000000000000000000000000000100000404000222000 313432 000000000000000000000000000000000000000000300000100000100000404000222000
000000000000000000000000000000000000000000300000100000100000404000222000 343242 000000000000000000000000000000000000300000300000100000100000444000222000
000000000000000000000000000000000000300000300000100000100000444000222000 324242 000000000000000000000000200000300000300000300000100000100000444000222000
000000000000000000000000200000300000300000300000100000100000444000222000 424243 000000000000000000000000200000300000300000300000100000100000444200222400
000000000000000000000000200000300000300000300000100000100000444200222400 424314 000000000000000000000000200000300000300000300000100000102400444200222400
000000000000000000000000200000300000300000300000100000102400444200222400 431424 000000000000000000000000200000300000300000300000100000102400444240222430
000000000000000000000000200000300000300000300000100000102400444240222430 142444 000000000000000000000000200000300000300000300000140000112400444240222430
000000000000000000000000200000300000300000300000140000112400444240222430 244434 000000000000000000000000200000300000340000320000140000112400444240222430
000000000000000000000000200000300000340000320000140000112400444240222430 443431 000000000000000000000000240000340000340000320000140000112400444240222430
000000000000000000000000240000340000340000320000140000112400444240222430 343122 000000000000000000000000240000340000340000320000140000112400444244222433
000000000000000000000000240000340000340000320000140000112400444244222433 312223 000000000000000000000000240000340000340000320000140000112434444244222433
000000000000000000000000240000340000340000320000140000112434444244222433 222311 000000000000200000200000240000340000340000320000140000112434444244222433
000000000000200000200000240000340000340000320000140000112434444244222433 231142 000000000000200000200000240000340000340000322000143000112434444244222433
000000000000200000200000240000340000340000322000143000112434444244222433 114223 000000000000200000200000240000340000340000322040143010112434444244222433
000000000000200000200000240000340000340000322040143010112434444244222433 422333 000000000000200000200000200000300000302000322040143010112434444244222433
000000000000200000200000200000300000302000322040143010112434444244222433 233312 000000000000200000200000202000303000302000322040143010112434444244222433
000000000000200000200000202000303000302000322040143010112434444244222433 331232 000000000000000000000000000000000000000000000040143010112434444244222433
000000000000000000000000000000000000000000000040143010112434444244222433 123214 000000000000000000000000000000000000040000020040143010112434444244222433
000000000000000000000000000000000000040000020040143010112434444244222433 321421 000000000000000000000000000000000000040000022040143310112434444244222433
000000000000000000000000000000000000040000022040143310112434444244222433 142111 000000000000000000000000000000000000040000022044143311112434444244222433
000000000000000000000000000000000000040000022044143311112434444244222433 211124 000000000000000000000000000000000000040200022144143311112434444244222433
000000000000000000000000000000000000040200022144143311112434444244222433 112411 000000000000000000000000000000000100040210022144143311112434444244222433
000000000000000000000000000000000100040210022144143311112434444244222433 241143 000000000000000000000000000000000102040214022144143311112434444244222433
000000000000000000000000000000000102040214022144143311112434444244222433 114313 000000000000000000000000000000001102041214022144143311112434444244222433
000000000000000000000000000000001102041214022144143311112434444244222433 431321 000000000000000000000000003000041102041214022144143311112434444244222433
000000000000000000000000003000041102041214022144143311112434444244222433 132112 000000000000000000000100003300041102041214022144143311112434444244222433
000000000000000000000100003300041102041214022144143311112434444244222433 211233 000000000000000000000100003310041122041214022144143311112434444244222433
000000000000000000000100003310041122041214022144143311112434444244222433 123333 000000000000000000000102003311041122041214022144143311112434444244222433
000000000000000000000102003311041122041214022144143311112434444244222433 333323 000000000300000500003102003311041122041214522144143311112434444244222433
000000000300000500003102003311041122041214522144143311112434444244222433 332334 000000000000000000000000000002040022040214522144143311112434444244222433
000000000000000000000000000002040022040214522144143311112434444244222433 233421 000000000000000000020000030002040022040214522144143311112434444244222433
000000000000000000020000030002040022040214522144143311112434444244222433 342141 000000000000000003020004030002040022040214522144143311112434444244222433
000000000000000003020004030002040022040214522144143311112434444244222433 214141 000000050000050000020000030000040000540500522205143353112434444244222433
000000050000050000020000030000040000540500522205143353112434444244222433 414124 000000000000050000020000130000440000545500522205143353112434444244222433
000000000000050000020000130000440000545500522205143353112434444244222433 412432 000000000000150000120000130000440000545000522205113303112134444244222133
=== end ===
000000000000000000000000000000000000000000000000000000000000000000000000 144111 000000000000000000000000000000000000000000000000000000000000001000004000
000000000000000000000000000000000000000000000000000000000000001000004000 411131 000000000000000000000000000000000000000000000000000000000000011000044000
000000000000000000000000000000000000000000000000000000000000011000044000 113114 000000000000000000000000000000000000000000000000000000000000011000044110
000000000000000000000000000000000000000000000000000000000000011000044110 311411 000000000000000000000000000000000000000000000000000000000000011003044111
000000000000000000000000000000000000000000000000000000000000011003044111 141132 000000000000000000000000000000000000000000000000000004440003111003444111
000000000000000000000000000000000000000000000000000004440003111003444111 113243 000000000000000000000000000000000000000000000000000004440103111203444111
000000000000000000000000000000000000000000000000000004440103111203444111 324341 000000000000000000000000000000000000000000000000003004442103111203444111
000000000000000000000000000000000000000000000000003004442103111203444111 434141 000000000000000000000000000000000000000300000134003344442113111233444111
000000000000000000000000000000000000000300000134003344442113111233444111 414121 000000000000000000000000000000010000044300041134023344442113111233444111
000000000000000000000000000000010000044300041134023344442113111233444111 412121 000000000000000000000000000000010020044040041134023344442113111233444111
000000000000000000000000000000010020044040041134023344442113111233444111 212144 000000000000000000000000000000010020044340141134223344442113111233444111
000000000000000000000000000000010020044340141134223344442113111233444111 214412 000000000000000000000000000100010220044340141134223344442113111233444111
000000000000000000000000000100010220044340141134223344442113111233444111 441243 000000000000000000000040000140010220044340141134223344442113111233444111
000000000000000000000040000140010220044340141134223344442113111233444111 124322 000000000000000000000040001140012220044340141134223344442113111233444111
000000000000000000000040001140012220044340141134223344442113111233444111 432234 000000000000000000000040041140012220344340141134223344442113111233444111
000000000000000000000040041140012220344340141134223344442113111233444111 223412 000000000000000200000240041140012220344340141134223344442113111233444111
000000000000000200000240041140012220344340141134223344442113111233444111 341211 000000000000050250040240541140312220344340141134223344442113111233444111
000000000000050250040240541140312220344340141134223344442113111233444111 121131 000000000000002250044240541140312220344340141134223344442113111233444111
000000000000002250044240541140312220344340141134223344442113111233444111 113141 000000402500302200102240131140312220344340141134223344442113111233444111
000000402500302200102240131140312220344340141134223344442113111233444111 314123 000000400000300040100140131140312220344340141134223344442113111233444111
000000400000300040100140131140312220344340141134223344442113111233444111 412344 000000000000000000100000101000312000344000141104223344442113111233444111
000000000000000000100000101000312000344000141104223344442113111233444111 234422 400000400000300000100000110200332200344303141134223344442113111233444111
400000400000300000100000110200332200344303141134223344442113111233444111 442223 400000400000340000120000110200332200344303141134223344442113111233444111
400000400000340000120000110200332200344303141134223344442113111233444111 222331 400000400000340000120000110202332202344303141134223344442113111233444111
400000400000340000120000110202332202344303141134223344442113111233444111 233121 400000400000340000120000110202332232344323141134223344442113111233444111
400000400000340000120000110202332232344323141134223344442113111233444111 312131 400000400000340100120300110202332232344323141134223344442113111233444111
400000400000340100120300110202332232344323141134223344442113111233444111 213144 400000400000340101120302110202332232344323141134223344442113111233444111
400000400000340101120302110202332232344323141134223344442113111233444111 314443 400000400100340101120302110232332232344323141134223344442113111233444111
400000400100340101120302110232332232344323141134223344442113111233444111 444332 400000400100340141120342110232332232344323141134223344442113111233444111
400000400100340141120342110232332232344323141134223344442113111233444111 433221 400300400100340141120342110232332232344323141134223344442113111233444111
=== end ===
000000000000000000000000000000000000000000000000000000000000000000000000 211233 000000000000000000000000000000000000000000000000000000000000000000000000
000000000000000000000000000000000000000000000000000000000000000000000000 123334 000000000000000000000030000313000413000423000221000441033141022122011444
000000000000000000000030000313000413000423000221000441033141022122011444 333434 000000000000000000000000000000030000030000040000040000133100322122311444
000000000000000000000000000000030000030000040000040000133100322122311444 343434 000000000000000000000000000000430000430000343042144033133143322122311444
=== end ===
000000000000000000000000000000000000000000000000000000000000000000000000 144214 000000000000000000000000000000000000000000000000000000000000001000004000
000000000000000000000000000000000000000000000000000000000000001000004000 421421 000000000000000000000000000000000000000000000000000000000000201000404000
000000000000000000000000000000000000000000000000000000000000201000404000 142111 000000000000000000000000000000000000000000000000000000400000201000444000
000000000000000000000000000000000000000000000000000000400000201000444000 211124 000000000000000000000000000000000000000000000000000000401000221000444000
000000000000000000000000000000000000000000000000000000401000221000444000 112433 000000000000000000000000000000000000000000000000000000401000221000444110
000000000000000000000000000000000000000000000000000000401000221000444110 243311 000000000000000000000000000000000000000000000000400000421000221000444110
000000000000000000000000000000000000000000000000400000421000221000444110 331132 000000000000000000000000000000000000000000003000403000421000221000444110
000000000000000000000000000000000000000000003000403000421000221000444110 113231 000000000000000000000000000000000000100000103000403000421000221000444110
000000000000000000000000000000000000100000103000403000421000221000444110 323142 000000000000000000000000000000000000100000123000433000421000221000444110
000000000000000000000000000000000000100000123000433000421000221000444110 314234 000000000000000000000000000000000000100000123000433000421000221310444110
000000000000000000000000000000000000100000123000433000421000221310444110 423444 000000000000000000000000000000000000124000123000433000421000221310444110
000000000000000000000000000000000000124000123000433000421000221310444110 344411 000000000000000000000000000000000000124000123000433040421030221310444110
000000000000000000000000000000000000124000123000433040421030221310444110 441131 000000000000000000000000000000000000124000123000433040421030221314444114
000000000000000000000000000000000000124000123000433040421030221314444114 113112 000000000000000000000000010000010000124000123000433040421030221314444114
000000000000000000000000010000010000124000123000433040421030221314444114 311212 000000000000000000000000010000010000124000123010433040421033221314444114
000000000000000000000000010000010000124000123010433040421033221314444114 121223 000000000000000000000000010000010020124010123010433040421033221314444114
000000000000000000000000010000010020124010123010433040421033221314444114 122343 000000000000000000000010010020010020124010123010433040421033221314444114
000000000000000000000010010020010020124010123010433040421033221314444114 234332 000000000000000000000010010020010020124010123012433043421033221314444114
000000000000000000000010010020010020124010123012433043421033221314444114 433213 000000000000000000000010010020013020124010123012433043421433221314444114
000000000000000000000010010020013020124010123012433043421433221314444114 321311 000000000000000000000010010020013023124012123012433043421433221314444114
000000000000000000000010010020013023124012123012433043421433221314444114 131124 000000000000000000000010013020013023124012123012433143421433221314444114
000000000000000000000010013020013023124012123012433143421433221314444114 112413 000000000000000000000010003020003023021012023012433113421133221314444114
000000000000000000000010003020003023021012023012433113421133221314444114 241333 000000000010005010004010003323053423024412523212433143421433221314444114
000000000010005010004010003323053423024412523212433143421433221314444114 133334 000000000010000014004013003023003023024012523012433043421033221014444114
000000000010000014004013003023003023024012523012433043421033221014444114 333441 000000000000000000000000000000000000000000000000000010000030000030000244
=== end ===
000000000000000000000000000000000000000000000000000000000000000000000000 414131 000000000000000000000000000000000000000000000000000000000000004000001000
000000000000000000000000000000000000000000000000000000000000004000001000 413122 000000000000000000000000000000000000000000000000000000000000044000011000
000000000000000000000000000000000000000000000000000000000000044000011000 312213 000000000000000000000000000000000000000000000000000000000000044100011300
000000000000000000000000000000000000000000000000000000000000044100011300 221342 000000000000000000000000000000000000000000000000000000000000044100011322
000000000000000000000000000000000000000000000000000000000000044100011322 134242 000000000000000000000000000000000000000000000000000000001300044100011322
000000000000000000000000000000000000000000000000000000001300044100011322 424223 000000000000000000000000000000000000000000000000000000001300244100411322
000000000000000000000000000000000000000000000000000000001300244100411322 422334 000000000000000000000000000000000000000000000000400000201300244100411322
000000000000000000000000000000000000000000000000400000201300244100411322 233413 000000000000000000000000000000000000000000000000400000201302244103411322
000000000000000000000000000000000000000000000000400000201302244103411322 341311 000000000000000000000000000000000000000000000300400400201302244103411322
000000000000000000000000000000000000000000000300400400201302244103411322 131131 000000000000000000000000000000000000000000000300400400201332244113411322
000000000000000000000000000000000000000000000300400400201332244113411322 113121 000000000000000000000000000000000000000000000310400410201332244113411322
000000000000000000000000000000000000000000000310400410201332244113411322 312114 000000000000000000000000000000000300000100000310400410201332244113411322
000000000000000000000000000000000300000100000310400410201332244113411322 211432 000000000000000000000000000000000010100040403010403010201030244010411022
000000000000000000000000000000000010100040403010403010201030244010411022 143213 000000000000000050000030000020000312100144403314403412201332244113411322
000000000000000050000030000020000312100144403314403412201332244113411322 321324 000555500434500122505333105122305312105144403314403412251332244113411322
000555500434500122505333105122305312105144403314403412251332244113411322 132444 000555000434500122500333100122300312100144403314403412201332244113411322
000555000434500122500333100122300312100144403314403412201332244113411322 244412 000555500434500122500333105122305312105144403314403412251332244113411322
000555500434500122500333105122305312105144403314403412251332244113411322 441231 000055000034000122000333105122305312105144403314403412251332244113411322
000055000034000122000333105122305312105144403314403412251332244113411322 123142 000055000034000122500333100122300312100144403314403412251332244113411322
000055000034000122500333100122300312100144403314403412251332244113411322 314234 000000000000000000500000100000300000100100400100404432251332244113411322
000000000000000000500000100000300000100100400100404432251332244113411322 423411 000000000000000000500000100000300000102100404100404432251332244113411322
000000000000000000500000100000300000102100404100404432251332244113411322 341123 000000000000000000500000110000320000122100414143454432251332244113411322
000000000000000000500000110000320000122100414143454432251332244113411322 112344 000000000000000000510000110000321500122100414143454432251332244113411322
000000000000000000510000110000321500122100414143454432251332244113411322 234431 000000000000000000500000102300301500102100404143404432251332244113411322
000000000000000000500000102300301500102100404143404432251332244113411322 443113 000000000000000000500000102300301500102100404143404432251332244113411322
000000000000000000500000102300301500102100404143404432251332244113411322 311323 000000000000000000500000102300301530102140404143404432251332244113411322
000000000000000000500000102300301530102140404143404432251332244113411322 132344 000000000000000000500100102330301530102140404143404432251332244113411322
000000000000000000500100102330301530102140404143404432251332244113411322 234413 020000040000340000510100112300321500122140414143454432251332244113411322
020000040000340000510100112300321500122140414143454432251332244113411322 441331 020000040400340400510100112300321500122140414143454432251332244113411322
=== end ===
