000000000000000000000000000000000000000000000000000000000000000000000000 142111 000000000000000000000000000000000000000000000000000000000000004000001000
000000000000000000000000000000000000000000000000000000000000004000001000 211124 000000000000000000000000000000000000000000000000000000000000014000021000
000000000000000000000000000000000000000000000000000000000000014000021000 112444 000000000000000000000000000000000000000000000000000000000000114000121000
000000000000000000000000000000000000000000000000000000000000114000121000 244412 000000000000000000000000000000000000000000000000000000024000114000121000
000000000000000000000000000000000000000000000000000000024000114000121000 441233 000000000000000000000000000000000000000000000000000000024000114000121440
000000000000000000000000000000000000000000000000000000024000114000121440 123343 000000000000000000000000000000000000000000000000021000024000114000121440
000000000000000000000000000000000000000000000000021000024000114000121440 334344 000000000000000000000000000000000000000000000000021000024000114330121440
000000000000000000000000000000000000000000000000021000024000114330121440 434433 000000000000000000000000000000000000000000000000021400024300114330121440
000000000000000000000000000000000000000000000000021400024300114330121440 443334 000000000000000000000000000000000000000000000000421400424300114330121440
000000000000000000000000000000000000000000000000421400424300114330121440 333421 000000000000000000000000000000000000000300000300421400424300114330121440
000000000000000000000000000000000000000300000300421400424300114330121440 342114 000000000000000000000000000000000000000300000300421400424300114334121445
000000000000000000000000000000000000000300000300421400424300114334121445 211411 000000000000000000300000100000100000100300240300421401424304114334121443
000000000000000000300000100000100000100300240300421401424304114334121443 141111 000000000000000000000000000000020400340300242340421411424344114334121443
000000000000000000000000000000020400340300242340421411424344114334121443 111111 000000000000000000500000340000320400344330242341421411424344114334121443
000000000000000000500000340000320400344330242341421411424344114334121443 111114 000000000000000000500200340400320400344330242341421411424344114334121443
000000000000000000500200340400320400344330242341421411424344114334121443 111414 000000000000010000510200340400320400344330242341421411424344114334121443
000000000000010000510200340400320400344330242341421411424344114334121443 141411 000000000000000000000000000000000200500330300341300411300344110334121443
000000000000000000000000000000000200500330300341300411300344110334121443 141132 000000000000000000000000000000000200500330300341300411301344114334121443
000000000000000000000000000000000200500330300341300411301344114334121443 113233 000000000000000000000000100000100200500330300341300411301344114334121443
000000000000000000000000100000100200500330300341300411301344114334121443 323332 000000000000000000000000100030100220500330300341300411301344114334121443
000000000000000000000000100030100220500330300341300411301344114334121443 333243 000000000000300000300000100030100220500330300341300411301344114334121443
000000000000300000300000100030100220500330300341300411301344114334121443 324313 000000000000300000300030100230100220500330300341300411301344114334121443
000000000000300000300030100230100220500330300341300411301344114334121443 431324 000000000000300300300430100230100220500330300341300411301344114334121443
000000000000300300300430100230100220500330300341300411301344114334121443 132442 500000500000300000300000100000100500500500305300355450351250114220121445
500000500000300000300000100000100500500500305300355450351250114220121445 244223 500000500000300000300000100000100500500500305320355450351250114224121445
500000500000300000300000100000100500500500305320355450351250114224121445 422344 500000500000300000300000100500100550505520355320355455351254114224121445
500000500000300000300000100500100550505520355320355455351254114224121445 234434 500000500000300000300000100500100550505522355323355455351254114224121445
500000500000300000300000100500100550505522355323355455351254114224121445 443443 500000500000300000300000104500104550505522355323355455351254114224121445
500000500000300000300000104500104550505522355323355455351254114224121445 344313 500000500000300000304300104500104550505522355323355455351254114224121445
500000500000300000304300104500104550505522355323355455351254114224121445 431341 500000500030300030300020100331100351500522355323355455351254114224121445
500000500030300030300020100331100351500522355323355455351254114224121445 134124 500030500030300030300021100331100351500522355323355455351254114224121445
500030500030300030300021100331100351500522355323355455351254114224121445 412434 500030500030300030300021100331110351540522355323355455351254114224121445
500030500030300030300021100331110351540522355323355455351254114224121445 243441 500030500030300230300421100331110351540522355323355455351254114224121445
500030500030300230300421100331110351540522355323355455351254114224121445 344123 500030500030300230300421100331114351543522355323355455351254114224121445
500030500030300230300421100331114351543522355323355455351254114224121445 412314 000050000030000230000121000331001351003522005323545155541254111224121445
000050000030000230000121000331001351003522005323545155541254111224121445 231422 000000000000000000000000005005505505554501553401545451541254114224121445
000000000000000000000000005005505505554501553401545451541254114224121445 142241 000000000000000004000001005005505505554501553401545451541254114224121445
000000000000000004000001005005505505554501553401545451541254114224121445 224123 000000000000000004000001005005505505554521553421545451541254114224121445
000000000000000004000001005005505505554521553421545451541254114224121445 412324 000000000000000004000001015005545505554521553421545451541254114224121445
000000000000000004000001015005545505554521553421545451541254114224121445 232441 000002000003000004000001015005545505554521553421545451541254114224121445
=== end ===
000000000000000000000000000000000000000000000000000000000000000000000000 112323 000000000000000000000000000000000000000000000000000000000000100000100000
000000000000000000000000000000000000000000000000000000000000100000100000 232343 000000000000000000000000000000000000000000000000000000000000120000130000
000000000000000000000000000000000000000000000000000000000000120000130000 234313 000000000000000000000000000000000000000000000000000000000000122000133000
000000000000000000000000000000000000000000000000000000000000122000133000 431324 000000000000000000000000000000000000000000000000000000000000122400133300
000000000000000000000000000000000000000000000000000000000000122400133300 132444 000000000000000000000000000000000000000000000000000000001300122400133300
000000000000000000000000000000000000000000000000000000001300122400133300 244413 000000000000000000000000000000000000000000000000000000001300122420133340
000000000000000000000000000000000000000000000000000000001300122420133340 441334 000000000000000000000000000000000000000000000000000000001340122420133344
000000000000000000000000000000000000000000000000000000001340122420133344 133414 000000000000000000000000000000000000000000000000030000011340122420133344
000000000000000000000000000000000000000000000000030000011340122420133344 341442 000000000000000000000000000000000000000000000000033400011340122420133344
000000000000000000000000000000000000000000000000033400011340122420133344 144232 000000000000000000000000000000000000000000001400033400011340122420133344
000000000000000000000000000000000000000000001400033400011340122420133344 423233 000000000000000000000000000000000000000000001440033420011340122420133344
000000000000000000000000000000000000000000001440033420011340122420133344 323341 000000000000000000000000000000000000000320001440033420011340122420133344
000000000000000000000000000000000000000320001440033420011340122420133344 334141 000000000000000000000000000000000000000320001440033420011343122423133344
000000000000000000000000000000000000000320001440033420011343122423133344 414123 000000000000000000000000000000004000001320001440033420011343122423133344
000000000000000000000000000000004000001320001440033420011343122423133344 412333 000000000000000000000000000000004000011320041440033420011343122423133344
000000000000000000000000000000004000011320041440033420011343122423133344 233321 000000000000000000000000000000004000011320041442033423011343122423133344
000000000000000000000000000000004000011320041442033423011343122423133344 332122 000000000000000000000000000000004003011323041442033423011343122423133344
000000000000000000000000000000004003011323041442033423011343122423133344 212232 000000000000000000000000000005000003000003000022002023011043122423133344
000000000000000000000000000005000003000003000022002023011043122423133344 223214 000000000000000002000002000005000003000003000022002023011043122423133344
000000000000000002000002000005000003000003000022002023011043122423133344 321421 000003000002000002000002000005000003000003000022002023011043122423133344
000003000002000002000002000005000003000003000022002023011043122423133344 142122 000003000002000002000002000005000003000003010022042023011043122423133344
000003000002000002000002000005000003000003010022042023011043122423133344 212214 000000000000000000000000000000000000000000010000042000011000122000133313
000000000000000000000000000000000000000000010000042000011000122000133313 221424 000000000000000000000000000000000000000000010000242000211000122000133313
000000000000000000000000000000000000000000010000242000211000122000133313 142423 000000000000000000000000000000000000100000410000242000211000122000133313
000000000000000000000000000000000000100000410000242000211000122000133313 242343 000000000000000000000000000000020000140000410000242000211000122000133313
000000000000000000000000000000020000140000410000242000211000122000133313 234333 000000000000000000000000000000020000140000410000242000211002122003133313
000000000000000000000000000000020000140000410000242000211002122003133313 433333 000000000000000000000000030000020000140000414000242000211002122003133313
000000000000000000000000030000020000140000414000242000211002122003133313 333323 000000000000030000030000030000020000140000414000242000211002122003133313
000000000000030000030000030000020000140000414000242000211002122003133313 332331 000000000000030000030000030000023000143000414000242000211002122003133313
000000000000030000030000030000023000143000414000242000211002122003133313 233113 000000000000030000030000030000023000143000414002242003211002122003133313
000000000000030000030000030000023000143000414002242003211002122003133313 311312 050000050000050005050005055005535005535555535552525553543552113553444113
050000050000050005050005055005535005535555535552525553543552113553444113 131224 050000055005053005551005555505535555535555535552525553543552113553444113
=== end ===
000000000000000000000000000000000000000000000000000000000000000000000000 233342 000000000000000000000000000000000000000000000000000000000000020000030000
000000000000000000000000000000000000000000000000000000000000020000030000 334213 000000000000000000000000000000000000000000000000000000000000320000330000
000000000000000000000000000000000000000000000000000000000000320000330000 421344 000000000000000000000000000000000000000000000000000000000000322000334000
000000000000000000000000000000000000000000000000000000000000322000334000 134411 000000000000000000000000000000000000000000000000000000130000322000334000
000000000000000000000000000000000000000000000000000000130000322000334000 441144 000000000000000000000000000000000000000000040000040000130000322000334000
000000000000000000000000000000000000000000040000040000130000322000334000 114424 000000000000000000000000000000010000010000040000040000130000322000334000
000000000000000000000000000000010000010000040000040000130000322000334000 442434 000000000000000000000000000000010000010000040000040000130000322000334044
000000000000000000000000000000010000010000040000040000130000322000334044 243412 000000000000000000000000000000010000010000040000040000130000322400334244
000000000000000000000000000000010000010000040000040000130000322400334244 341231 000000000000000000000000000000010000010000040000043000134000322400334244
000000000000000000000000000000010000010000040000043000134000322400334244 123141 000000000000000000000000000000010000010000040000043100134200322400334244
000000000000000000000000000000010000010000040000043100134200322400334244 314113 000000000000000000000000000000010000010000340000143100134200322400334244
000000000000000000000000000000010000010000340000143100134200322400334244 411341 000000000000000000000000000000010000010000340000143100134240322410334244
000000000000000000000000000000010000010000340000143100134240322410334244 134142 000000000000000000000000000000010000010000340000143130134240322411334244
000000000000000000000000000000010000010000340000143130134240322411334244 414242 000000000000000000000000000000010000010000340000143134134241322411334244
000000000000000000000000000000010000010000340000143134134241322411334244 424214 000000000000000000000000000000010000010000340024143134134241322411334244
000000000000000000000000000000010000010000340024143134134241322411334244 421424 000000000000000000000000000000010000010024340024143134134241322411334244
000000000000000000000000000000010000010024340024143134134241322411334244 142443 000000000000000000000000000000010000011024344024143134134241322411334244
000000000000000000000000000000010000011024344024143134134241322411334244 244311 000000000000000000000000000000010000011424344224143134134241322411334244
000000000000000000000000000000010000011424344224143134134241322411334244 431111 000000000000000000000000003000014000011424344224143134134241322411334244
000000000000000000000000003000014000011424344224143134134241322411334244 111142 000000000000000000000000003000014011011424344224143134134241322411334244
000000000000000000000000003000014011011424344224143134134241322411334244 114241 000000000000000000000000003000014000011424344224143134134241322411334244
000000000000000000000000003000014000011424344224143134134241322411334244 424112 000000000000000000000000003000014240011424344224143134134241322411334244
000000000000000000000000003000014240011424344224143134134241322411334244 411224 000000000000000000000000003140014240011424344224143134134241322411334244
000000000000000000000000003140014240011424344224143134134241322411334244 122433 000000000000000000002100003140014240011424344224143134134241322411334244
000000000000000000002100003140014240011424344224143134134241322411334244 243331 000000000000000000022100043140014240011424344224143134134241322411334244
000000000000000000022100043140014240011424344224143134134241322411334244 333123 000000000000000000022100043140314240311424344224143134134241322411334244
000000000000000000022100043140314240311424344224143134134241322411334244 312331 000000000000000300022110043140314240311424344224143134134241322411334244
000000000000000300022110043140314240311424344224143134134241322411334244 233134 000000000300002300022110043140314240311424344224143134134241322411334244
000000000300002300022110043140314240311424344224143134134241322411334244 313422 000300000300002300022110043140314240311424344224143134134241322411334244
000300000300002300022110043140314240311424344224143134134241322411334244 342243 000000000000042000022000043040314240311424344224143134134241322411334244
000000000000042000022000043040314240311424344224143134134241322411334244 224323 000000000000042020022020043040314240311424344224143134134241322411334244
000000000000042020022020043040314240311424344224143134134241322411334244 432344 000000000000042020322020443040314240311424344224143134134241322411334244
000000000000042020322020443040314240311424344224143134134241322411334244 234434 000000200000342020322020443040314240311424344224143134134241322411334244
000000200000342020322020443040314240311424344224143134134241322411334244 443433 040000240000342020322020443040314240311424344224143134134241322411334244
040000240000342020322020443040314240311424344224143134134241322411334244 343341 000000000000000000000000002000002000003000004030003130024241042411224244
000000000000000000000000002000002000003000004030003130024241042411224244 334134 000000000000000000000000002000002000003000034030033130024241042411224244
000000000000000000000000002000002000003000034030033130024241042411224244 413443 000000000000000000000000002000002000003100034430033130024241042411224244
000000000000000000000000002000002000003100034430033130024241042411224244 344322 000000000000000000000000002000002000003100034434033133024241042411224244
000000000000000000000000002000002000003100034434033133024241042411224244 432211 000000000000000000000000002000002003003104034434033133024241042411224244
000000000000000000000000002000002003003104034434033133024241042411224244 221131 000000000000000000000000002000002003023104034434033133024241242411224244
000000000000000000000000002000002003023104034434033133024241242411224244 113121 000000000000000000000000002100002103023104034434033133024241242411224244
000000000000000000000000002100002103023104034434033133024241242411224244 312112 000000000000000000000000002000002000023003034404033104024241242411224244
000000000000000000000000002000002000023003034404033104024241242411224244 211223 000000000000000000000000002000002200023103034404033104024241242411224244
000000000000000000000000002000002200023103034404033104024241242411224244 122342 000000000000000000000000002000002200023103034404233104124241242411224244
000000000000000000000000002000002200023103034404233104124241242411224244 234233 000000000000002000003000002000002200023103034404233104124241242411224244
000000000000002000003000002000002200023103034404233104124241242411224244 423321 000000000000000000000000000000000000000000002100203123124241242411224244
000000000000000000000000000000000000000000002100203123124241242411224244 332132 000000000000000000000000000000000000000000032100233123124241242411224244
000000000000000000000000000000000000000000032100233123124241242411224244 213224 000000000000000000000000000000000000021000032100233123124241242411224244
000000000000000000000000000000000000021000032100233123124241242411224244 322443 000000000000000000000000000000000000000000000100001123104241242411224244
000000000000000000000000000000000000000000000100001123104241242411224244 244321 000000000000000000000000000000000400000200000100001123104241242411224244
000000000000000000000000000000000400000200000100001123104241242411224244 432132 000000000000000000000000000000000400000204000103001123104241242411224244
000000000000000000000000000000000400000204000103001123104241242411224244 213233 000000000000000000000000000000000000000004000003000003100001242011224244
=== end ===
000000000000000000000000000000000000000000000000000000000000000000000000 241421 000000000000000000000000000000000000000000000000000000000000000000042000
000000000000000000000000000000000000000000000000000000000000000000042000 142113 000000000000000000000000000000000000000000000000000000000000100000442000
000000000000000000000000000000000000000000000000000000000000100000442000 211313 000000000000000000000000000000000000000000000000000000000000112000442000
000000000000000000000000000000000000000000000000000000000000112000442000 131333 000000000000000000000000000000000000000000000000300000100000112000442000
000000000000000000000000000000000000000000000000300000100000112000442000 133311 000000000000000000000000000000000000100000300000300000100000112000442000
000000000000000000000000000000000000100000300000300000100000112000442000 331141 000000000000000000000000300000300000100000300000300000100000112000442000
000000000000000000000000300000300000100000300000300000100000112000442000 114123 000000000000100000100000300000300000100000300000300000100000112000442000
000000000000100000100000300000300000100000300000300000100000112000442000 412344 000000000000100000100000300000300000100000300000300000100000112000442410
000000000000100000100000300000300000100000300000300000100000112000442410 234413 000000000000100000100000300000300000100000300000330000120000112000442410
000000000000100000100000300000300000100000300000330000120000112000442410 441323 000000000000100000100000300000300000100000300000330000120000112440442410
000000000000100000100000300000300000100000300000330000120000112440442410 132343 000000000000100000100000300000300000100000300000330000120000112443442411
000000000000100000100000300000300000100000300000330000120000112443442411 234312 000000000000100000100000300000300000100000300000330000120023112443442411
000000000000100000100000300000300000100000300000330000120023112443442411 431223 000000000000100000100000300000300000100000300000330043120023112443442411
000000000000100000100000300000300000100000300000330043120023112443442411 122324 000000000000100000100000300000300000110000320000330043120023112443442411
000000000000100000100000300000300000110000320000330043120023112443442411 232434 000000000000100000100000300000300000110000320032330043120023112443442411
000000000000100000100000300000300000110000320032330043120023112443442411 243422 000000000000100000100000300000300000110042320032330043120023112443442411
000000000000100000100000300000300000110042320032330043120023112443442411 342231 000000000000100000100000300000300000110042320032330043124323112443442411
000000000000100000100000300000300000110042320032330043124323112443442411 223132 000000000000100000100000300000300000110042320232330243124323112443442411
000000000000100000100000300000300000110042320232330243124323112443442411 313221 100000300000100000100000300000300000110042320232330243124323112443442411
100000300000100000100000300000300000110042320232330243124323112443442411 322113 100000300000100000100000300000300032110042320232330243124323112443442411
100000300000100000100000300000300032110042320232330243124323112443442411 211323 100000300000100000100000300000300132110242320232330243124323112443442411
100000300000100000100000300000300132110242320232330243124323112443442411 132333 100000300000100000100000330000310132110242320232330243124323112443442411
100000300000100000100000330000310132110242320232330243124323112443442411 233324 000000000000000000000000000000000000000000000000000032000042000142000311
=== end ===
000000000000000000000000000000000000000000000000000000000000000000000000 143131 000000000000000000000000000000000000000000000000000000000000004000001000
000000000000000000000000000000000000000000000000000000000000004000001000 313113 000000000000000000000000000000000000000000000000000000000000034000011000
000000000000000000000000000000000000000000000000000000000000034000011000 311311 000000000000000000000000000000000000000000000000000000000000334000111000
000000000000000000000000000000000000000000000000000000000000334000111000 131111 000000000000000000000000000000000000000000000000000000310000334000111000
000000000000000000000000000000000000000000000000000000310000334000111000 111132 000000000000000000000000000000000000000000000000000000310000334010111010
000000000000000000000000000000000000000000000000000000310000334010111010 113242 000000000000000000000000000000000000000000100000100000310000334010111010
000000000000000000000000000000000000000000100000100000310000334010111010 324223 000000000000000000000000000000000000000000100000100000310000334012111013
000000000000000000000000000000000000000000100000100000310000334012111013 422322 000000000000000000000000000000000000000000100000100000310042334012111013
000000000000000000000000000000000000000000100000100000310042334012111013 232211 000000000000000000000000000000000000000000100000100032310042334012111013
000000000000000000000000000000000000000000100000100032310042334012111013 221143 000000000000000000000000000000200000200000100000100032310042334012111013
000000000000000000000000000000200000200000100000100032310042334012111013 114334 000000000000000000100000100000200000200000100000100032310042334012111013
000000000000000000100000100000200000200000100000100032310042334012111013 433433 000000000000000000100000100000200000200000100043100032310042334012111013
000000000000000000100000100000200000200000100043100032310042334012111013 343344 000000000000000000100000100000200004200003100043100032310042334012111013
000000000000000000100000100000200004200003100043100032310042334012111013 334413 000000000000000000100000100000200004200003130043130032310042334012111013
000000000000000000100000100000200004200003130043130032310042334012111013 441311 000000000000000000100004100004200004200003130043130032310042334012111013
000000000000000000100004100004200004200003130043130032310042334012111013 131122 000000000000000000100004100004200004200003130043130032310042334112111313
000000000000000000100004100004200004200003130043130032310042334112111313 112242 000000000000000000100004100004200004200003130043131032311042334112111313
000000000000000000100004100004200004200003130043131032311042334112111313 224212 000000000000000000100004100004200024200023130043131032311042334112111313
000000000000000000100004100004200024200023130043131032311042334112111313 421223 000000000000000000100004100004200024220023134043131032311042334112111313
000000000000000000100004100004200024220023134043131032311042334112111313 122343 000000000000000000100014100024200024220023134043131032311042334112111313
000000000000000000100014100024200024220023134043131032311042334112111313 234321 500000200000300055100014100024200024220023134043131032311042334112111313
500000200000300055100014100024200024220023134043131032311042334112111313 432143 500000200000300055100014100024200024220023134043131332311442334112111313
500000200000300055100014100024200024220023134043131332311442334112111313 214334 500000200000300055100014120024210024220023134043131332311442334112111313
500000200000300055100014120024210024220023134043131332311442334112111313 433433 500000200000300055100014120024210024220423134343131332311442334112111313
500000200000300055100014120024210024220423134343131332311442334112111313 343344 500000200000300055100014120324210424220423134343131332311442334112111313
500000200000300055100014120324210424220423134343131332311442334112111313 334441 500000200000300355100314120324210424220423134343131332311442334112111313
500000200000300355100314120324210424220423134343131332311442334112111313 444113 500000200044300355100314120324210424220423134343131332311442334112111313
500000200044300355100314120324210424220423134343131332311442334112111313 411343 500000200444300355100314120324210424221423134343131332311442334112111313
500000200444300355100314120324210424221423134343131332311442334112111313 134322 500000200444300355130314120324211424221423134343131332311442334112111313
500000200444300355130314120324211424221423134343131332311442334112111313 432244 500003200444300355130314120324211424221423134343131332311442334112111313
=== end ===
000000000000000000000000000000000000000000000000000000000000000000000000 444441 000000000000000000000000000000000000000000000000000000000000040000040000
000000000000000000000000000000000000000000000000000000000000040000040000 444124 000000000000000000000000000000000000000000000000000000000000000000000000
000000000000000000000000000000000000000000000000000000000000000000000000 412441 000000000000000000000000000000000000000000000000000000000000010000040000
000000000000000000000000000000000000000000000000000000000000010000040000 244123 000000000000000000000000000000000000000000000000000000000000210000440000
000000000000000000000000000000000000000000000000000000000000210000440000 412343 000000000000000000000000000000000000000000000000000000000000211000444000
000000000000000000000000000000000000000000000000000000000000211000444000 234322 000000000000000000000000000000000000000000000000000000230000211000444000
000000000000000000000000000000000000000000000000000000230000211000444000 432224 000000000000000000000000000000000000000000000000430000230000211000444000
000000000000000000000000000000000000000000000000430000230000211000444000 222411 000000000000000000000000000000000000020000020000430000230000211000444000
000000000000000000000000000000000000020000020000430000230000211000444000 241112 000000000000000000000000000000000000220000420000430000230000211000444000
000000000000000000000000000000000000220000420000430000230000211000444000 111242 000000000000000000000000010000010000220000420000430000230000211000444000
000000000000000000000000010000010000220000420000430000230000211000444000 124212 000000000000020000010000010000010000220000420000430000230000211000444000
000000000000020000010000010000010000220000420000430000230000211000444000 421242 000000020000020000010000010000410000220000420000430000230000211000444000
000000020000020000010000010000410000220000420000430000230000211000444000 124232 000000000000000000000000000000000000400000400000430000230000211000444000
000000000000000000000000000000000000400000400000430000230000211000444000 423241 000000000000000000000000400000200000400000400000430000230000211000444000
000000000000000000000000400000200000400000400000430000230000211000444000 324141 000000000000000000000000400000200000420000430000430000230000211000444000
000000000000000000000000400000200000420000430000430000230000211000444000 414144 000000000000000000000000400000200000420000430000430000230000211400444100
000000000000000000000000400000200000420000430000430000230000211400444100 414422 000000000000000000000000400000200000420000430000430000230000211440444110
000000000000000000000000400000200000420000430000430000230000211440444110 442231 000000000000400000400000400000200000420000430000430000230000211440444110
000000000000400000400000400000200000420000430000430000230000211440444110 223111 500000200000400000450000450000220000420000435050435550235550211445444115
500000200000400000450000450000220000420000435050435550235550211445444115 311144 500000200000430000450000450000220000421000435050435550235550211445444115
500000200000430000450000450000220000421000435050435550235550211445444115 114432 500000200000430000450000450000220000421100435150435550235550211445444115
500000200000430000450000450000220000421100435150435550235550211445444115 443222 540000240000430000450000450000220000421100435150435550235550211445444115
540000240000430000450000450000220000421100435150435550235550211445444115 322232 000000000000000000000000000000000000000100000150203550201550211445444115
000000000000000000000000000000000000000100000150203550201550211445444115 223224 000000000000000000000000000000000000000100000150203552201552211445444115
000000000000000000000000000000000000000100000150203552201552211445444115 322411 000000000000000000000000000000000000000103000152203552201552211445444115
000000000000000000000000000000000000000103000152203552201552211445444115 241133 000000000000000000000000000004000002000103000152203552201552211445444115
000000000000000000000000000004000002000103000152203552201552211445444115 113311 000000000000000000000000000004000002100103100152203552201552211445444115
000000000000000000000000000004000002100103100152203552201552211445444115 331142 000000000000000005000035500534505552105153105152253552251552211445444115
000000000000000005000035500534505552105153105152253552251552211445444115 114231 000000000000000005100035500534505552105153115152253552251552211445444115
000000000000000005100035500534505552105153115152253552251552211445444115 423121 000000400000200005100035500534505552105153115152253552251552211445444115
000000400000200005100035500534505552105153115152253552251552211445444115 312141 000000400000200005100035501534505552135153115152253552251552211445444115
000000400000200005100035501534505552135153115152253552251552211445444115 214131 000000400000200025100135501534505552135153115152253552251552211445444115
000000400000200025100135501534505552135153115152253552251552211445444115 413131 000000400000200425101135501534505552135153115152253552251552211445444115
000000400000200425101135501534505552135153115152253552251552211445444115 313123 000000000000400025200035100434530552135153115152253552251552211445444115
000000000000400025200035100434530552135153115152253552251552211445444115 312333 000000000000400025200035110434533552135153115152253552251552211445444115
000000000000400025200035110434533552135153115152253552251552211445444115 233332 000000000020400025200335110434533552135153115152253552251552211445444115
000000000020400025200335110434533552135153115152253552251552211445444115 333214 000003000023400025200335110434533552135153115152253552251552211445444115
000003000023400025200335110434533552135153115152253552251552211445444115 321441 000023000023400025200335110434533552135153115152253552251552211445444115
000023000023400025200335110434533552135153115152253552251552211445444115 144133 000023000023400025201335114434533552135153115152253552251552211445444115
000023000023400025201335114434533552135153115152253552251552211445444115 413332 000023000023401425201335114434533552135153115152253552251552211445444115
000023000023401425201335114434533552135153115152253552251552211445444115 333211 000023000023431425231335114434533552135153115152253552251552211445444115
000023000023431425231335114434533552135153115152253552251552211445444115 321134 000000003000431000231400114404533502135153115152253552251552211445444115
000000003000431000231400114404533502135153115152253552251552211445444115 113413 000000003000431100231400114404533512135153115152253552251552211445444115
000000003000431100231400114404533512135153115152253552251552211445444115 341324 000400003300431100231400114404533512135153115152253552251552211445444115
000400003300431100231400114404533512135153115152253552251552211445444115 132413 000000000000400000200000110004533012135153115152253552251552211445444115
000000000000400000200000110004533012135153115152253552251552211445444115 241334 000000000000400000200002110044533012135153115152253552251552211445444115
000000000000400000200002110044533012135153115152253552251552211445444115 133442 000000000003400001200002110044533012135153115152253552251552211445444115
000000000003400001200002110044533012135153115152253552251552211445444115 344214 000000000003400001203002114044533012135153115152253552251552211445444115
000000000003400001203002114044533012135153115152253552251552211445444115 421422 000000000000000000000003000001000002000212000153000152000552000552003445
000000000000000000000003000001000002000212000153000152000552000552003445 142223 000000000000000000000003000001000412000212000153000152000552000552003445
000000000000000000000003000001000412000212000153000152000552000552003445 222342 000000000000000000000023000021000412000212000153000152000552000552003445
000000000000000000000023000021000412000212000153000152000552000552003445 234224 000000000000000000000023000021000412000212000153000152002552003552003445
=== end ===
000000000000000000000000000000000000000000000000000000000000000000000000 223213 000000000000000000000000000000000000000000000000000000000000020000020000
000000000000000000000000000000000000000000000000000000000000020000020000 321323 000000000000000000000000000000000000000000000000000000000000320000220000
000000000000000000000000000000000000000000000000000000000000320000220000 132333 000000000000000000000000000000000000000000000000000000310000320000220000
000000000000000000000000000000000000000000000000000000310000320000220000 233341 000000000000000000000000000000000000000000200000300000310000320000220000
000000000000000000000000000000000000000000200000300000310000320000220000 334123 000000000000000000000000000000300000300000200000300000310000320000220000
000000000000000000000000000000300000300000200000300000310000320000220000 412321 000000000000000000000000000000300000300000200000300000310000320000221400
000000000000000000000000000000300000300000200000300000310000320000221400 232143 000000000000000000200000300000300000300000200000300000310000320000221400
000000000000000000200000300000300000300000200000300000310000320000221400 214344 000000000000000000200000300000300000300000220000310000310000320000221400
000000000000000000200000300000300000300000220000310000310000320000221400 434442 000000000000000000200000300000300000300000220000310000310000320040221430
000000000000000000200000300000300000300000220000310000310000320040221430 444223 000000000000000000200000300000300000300000220000310000310000320044221434
000000000000000000200000300000300000300000220000310000310000320044221434 422324 000000000000000000200000300000340000320000220000310000310000320044221434
000000000000000000200000300000340000320000220000310000310000320044221434 232434 000000300000200000200000300000340000320000220000310000310000320044221434
000000300000200000200000300000340000320000220000310000310000320044221434 243423 000000300000200000200000300000340000320000220000310040310020320044221434
000000300000200000200000300000340000320000220000310040310020320044221434 342332 000000300000200000230000340000340000320000220000310040310020320044221434
000000300000200000230000340000340000320000220000310040310020320044221434 233212 300000300000200000230000340000340000320000220000310040310020320044221434
300000300000200000230000340000340000320000220000310040310020320044221434 321222 300000300000200000230000340000340000320000220000310043310022320044221434
300000300000200000230000340000340000320000220000310043310022320044221434 122231 300000300000200000230000340000340000320000220000310043310022321244221434
300000300000200000230000340000340000320000220000310043310022321244221434 223123 350000350000250000230000340000340000320000225000315555315555321555221433
350000350000250000230000340000340000320000225000315555315555321555221433 312333 350000350000250000230000340000340000320000225130315555315555321555221433
350000350000250000230000340000340000320000225130315555315555321555221433 233343 350000350000250000230000340000340000320002225133315555315555321555221433
350000350000250000230000340000340000320002225133315555315555321555221433 334324 350000350000250000230000340003340003320002225133315555315555321555221433
350000350000250000230000340003340003320002225133315555315555321555221433 432424 350000350000250001230003340003340003320002225133315555315555321555221133
350000350000250001230003340003340003320002225133315555315555321555221133 242432 350000350000250004230003340003340043320022225033315055315055321055221433
350000350000250004230003340003340043320022225033315055315055321055221433 243241 350000350000250001230003340043340043320222225133315555315555321555221133
350000350000250001230003340043340043320222225133315555315555321555221133 324123 350002350003250004230003340043340043320222225133315555315555321555221433
350002350003250004230003340043340043320222225133315555315555321555221433 412333 350002350003250014230043340043340043320222225133315555315555321555221433
350002350003250014230043340043340043320222225133315555315555321555221433 233312 350000350000250000230000340000340000320000225300315102315513321555221433
350000350000250000230000340000340000320000225300315102315513321555221433 331242 350000350000250000230000340000340000320000225330315132315513321555221433
350000350000250000230000340000340000320000225330315132315513321555221433 124231 350000350000250000230000340000340000320010225332315132315513321555221433
350000350000250000230000340000340000320010225332315132315513321555221433 423141 350000350000250000230000340000340004320012225332315132315513321555221433
350000350000250000230000340000340004320012225332315132315513321555221433 314121 350000350000250000230000340000340004323112225332315132315513321555221433
350000350000250000230000340000340004323112225332315132315513321555221433 412143 350000350000250000230001340004345504323112225332315132315513321555221433
350000350000250000230001340004345504323112225332315132315513321555221433 214314 350000350000250001230001340004345524323112225332315132315513321555221433
350000350000250001230001340004345524323112225332315132315513321555221433 431413 300000300000200000230000340000340000320000220000310000310000321000221133
300000300000200000230000340000340000320000220000310000310000321000221133 141344 350000350000250001230011344344345524323112225332315132315513321555221433
350000350000250001230011344344345524323112225332315132315513321555221433 134412 350000350000250101230311344344345524323112225332315132315513321555221433
350000350000250101230311344344345524323112225332315132315513321555221433 441212 350004350004250101230311344344345524323112225332315132315513321555221433
350004350004250101230311344344345524323112225332315132315513321555221433 121213 350000350000250000230300344320345520323112225332315132315513321555221433
350000350000250000230300344320345520323112225332315132315513321555221433 121332 350000350000250000230320344320345521323112225332315132315513321555221433
350000350000250000230320344320345521323112225332315132315513321555221433 133244 350000350000250310230320344320345521323112225332315132315513321555221433
350000350000250310230320344320345521323112225332315132315513321555221433 324434 350000350000250000230000340000344000323002225332315132315513321555221433
350000350000250000230000340000344000323002225332315132315513321555221433 443441 350000350000250000230000340000344505323442225332315132315513321555221433
350000350000250000230000340000344505323442225332315132315513321555221433 344112 350000350000250000230000340003344545323442225332315132315513321555221433
350000350000250000230000340003344545323442225332315132315513321555221433 411223 350000350000250000230400340103344545323442225332315132315513321555221433
350000350000250000230400340103344545323442225332315132315513321555221433 122314 350000350000250100230400340123344545323442225332315132315513321555221433
350000350000250100230400340123344545323442225332315132315513321555221433 231433 350000350000250100230423340123344545323442225332315132315513321555221433
350000350000250100230423340123344545323442225332315132315513321555221433 143334 350000350000250114230423340123344545323442225332315132315513321555221433
350000350000250114230423340123344545323442225332315132315513321555221433 333441 350003350003250114230423340123344545323442225332315132315513321555221433
350003350003250114230423340123344545323442225332315132315513321555221433 344144 350033350043250114230423345123344545323442225332315132315513321555221433
350033350043250114230423345123344545323442225332315132315513321555221433 414441 350033350143250114234423345123344545323442225332315132315513321555221433
350033350143250114234423345123344545323442225332315132315513321555221433 444114 350433350143254114234423345123344545323442225332315132315513321555221433
350433350143254114234423345123344545323442225332315132315513321555221433 411444 000000000000000000000000000000000000000000000030000043000113003554005433
000000000000000000000000000000000000000000000030000043000113003554005433 144441 000000000000000000000000000000000000000000000000000003000003003004005433
000000000000000000000000000000000000000000000000000003000003003004005433 444122 000000000000000000000000000000000000000004000434000143000113003554005433
000000000000000000000000000000000000000004000434000143000113003554005433 412221 000000000000000000000000000000000000000144000434000143000113003554005433
000000000000000000000000000000000000000144000434000143000113003554005433 222123 000000000000000000000000000000000000000144000434002143002113003554005433
000000000000000000000000000000000000000144000434002143002113003554005433 212333 000000000000000000000000000000000000001144002434002143002113003554005433
000000000000000000000000000000000000001144002434002143002113003554005433 233312 000000000000000000000000000000000000001144002434002143002113033554025433
000000000000000000000000000000000000001144002434002143002113033554025433 331242 000000000000000000000000000000000033001144002434002143002113033554025433
000000000000000000000000000000000033001144002434002143002113033554025433 124212 000000000000000000000000000000002133001144002434002143002113033554025433
000000000000000000000000000000002133001144002434002143002113033554025433 421244 000000000000000000000000000240002133001144002434002143002113033554025433
000000000000000000000000000240002133001144002434002143002113033554025433 124423 000000000000000000000210000240002133001144002434002143002113033554025433
000000000000000000000210000240002133001144002434002143002113033554025433 442312 000000000000000000000210000240002133001144002434042143042113033554025433
000000000000000000000210000240002133001144002434042143042113033554025433 231224 000000000000000020000210000243002133001144002434042143042113033554025433
000000000000000020000210000243002133001144002434042143042113033554025433 122411 000000000000000022000211000243002133001144002434042143042113033554025433
=== end ===
000000000000000000000000000000000000000000000000000000000000000000000000 213313 000000000000000000000000000000000000000000000000000000000000020000010000
000000000000000000000000000000000000000000000000000000000000020000010000 331321 000000000000000000000000000000000000000000000000000000000000320000310000
000000000000000000000000000000000000000000000000000000000000320000310000 132122 000000000000000000000000000000000000000000000000000000310000320000310000
000000000000000000000000000000000000000000000000000000310000320000310000 212223 000000000000000000000000000000000000000000000000000000310000322000311000
000000000000000000000000000000000000000000000000000000310000322000311000 222341 000000000000000000000000000000000000000000000000000000310000322000311022
000000000000000000000000000000000000000000000000000000310000322000311022 234124 000000000000000000000000000000000000000000000000000000310000322300311222
000000000000000000000000000000000000000000000000000000310000322300311222 412411 000000000000000000000000000000000000000000100000400000310000322300311222
000000000000000000000000000000000000000000100000400000310000322300311222 241123 000000000000000000000000000000000000000000100000400000314200322300311222
000000000000000000000000000000000000000000100000400000314200322300311222 112332 000000000000000000000000000000100000100000100000400000314200322300311222
000000000000000000000000000000100000100000100000400000314200322300311222 233243 000000000000000000000000000000100000100000100000403200314200322300311222
000000000000000000000000000000100000100000100000403200314200322300311222 324313 000000000000000000000000000000100000103000102000405200314200322500311222
000000000000000000000000000000100000103000102000405200314200322500311222 431343 000000000000000000000000000000100000103000142000433200314200322500311222
000000000000000000000000000000100000103000142000433200314200322500311222 134311 000000000000000000000000000000130000133000142000433200314241322333311222
000000000000000000000000000000130000133000142000433200314241322333311222 431144 000000000000000000000000400000400000300004340334433241314221322333311222
000000000000000000000000400000400000300004340334433241314221322333311222 114432 500000550005550555355555455555455555335554345334433241314221322333311222
=== end ===
000000000000000000000000000000000000000000000000000000000000000000000000 431141 000000000000000000000000000000000000000000000000000000000000040000030000
000000000000000000000000000000000000000000000000000000000000040000030000 114132 000000000000000000000000000000000000000000000000000000000000140000130000
000000000000000000000000000000000000000000000000000000000000140000130000 413212 000000000000000000000000000000000000000000000000000000140000140000130000
000000000000000000000000000000000000000000000000000000140000140000130000 321222 000000000000000000000000000000000000000000000000000000140000140000133200
000000000000000000000000000000000000000000000000000000140000140000133200 122241 000000000000000000000000000000000000000000000000000000140000140010133220
000000000000000000000000000000000000000000000000000000140000140010133220 224123 000000000000000000000000000000000000000000000000000000140020140210133220
000000000000000000000000000000000000000000000000000000140020140210133220 412313 000000000000000000000000000000000000000000000000410000140020140210133220
000000000000000000000000000000000000000000000000410000140020140210133220 231334 000000000000000000000000000000000000000000000000410000142020143210133220
000000000000000000000000000000000000000000000000410000142020143210133220 133433 000000000000000000000000000000000000000000000000410000142020143211133223
000000000000000000000000000000000000000000000000410000142020143211133223 343344 000000000000000000000000000000000000000000000000414000142320143211133223
000000000000000000000000000000000000000000000000414000142320143211133223 334421 000000000000000000000000000000000000000000330000414000142320143211133223
000000000000000000000000000000000000000000330000414000142320143211133223 442121 000000000000000000000000000000000000440000330000414000142320143211133223
000000000000000000000000000000000000440000330000414000142320143211133223 212114 000000000000000000000000000000000000440000330200414100142320143211133223
000000000000000000000000000000000000440000330200414100142320143211133223 211443 000000000000000000000000000000000000440000330220414110142320143211133223
000000000000000000000000000000000000440000330220414110142320143211133223 144332 000000000000000000000000100000400000440000330220414110142320143211133223
000000000000000000000000100000400000440000330220414110142320143211133223 433222 000000000000000000400000100000430000440000330220414110142320143211133223
000000000000000000400000100000430000440000330220414110142320143211133223 322213 000000000000000000400000100000430000442000333220414110142320143211133223
000000000000000000400000100000430000442000333220414110142320143211133223 221322 000000000000000000400000102000432000442000333220414110142320143211133223
000000000000000000400000102000432000442000333220414110142320143211133223 132242 000000000000000000400000102000432000442000333220414113142321143211133223
000000000000000000400000102000432000442000333220414113142321143211133223 224233 000000000000000000400000100000430000440000333220414113142321143211133223
000000000000000000400000100000430000440000333220414113142321143211133223 423314 000000000000000000400000100000430000442400333220414113142321143211133223
000000000000000000400000100000430000442400333220414113142321143211133223 331432 000000000000000000400000100000430000442403333223414113142321143211133223
000000000000000000400000100000430000442403333223414113142321143211133223 143221 000000000000400000400000110000430000442403333223414113142321143211133223
000000000000400000400000110000430000442403333223414113142321143211133223 322124 000000000000400000400000110000430030442423333223414113142321143211133223
000000000000400000400000110000430030442423333223414113142321143211133223 212424 000000000000420000410000110000430030442423333223414113142321143211133223
000000000000420000410000110000430030442423333223414113142321143211133223 242442 000000550000420500410500115250435435442423333223414113142321143211133223
000000550000420500410500115250435435442423333223414113142321143211133223 244234 000000550000420520410540115250435435442423333223414113142321143211133223
000000550000420520410540115250435435442423333223414113142321143211133223 423421 000000550020420520410540115254435435442423333223414113142321143211133223
000000550020420520410540115254435435442423333223414113142321143211133223 342131 000030550020420520410544115254435435442423333223414113142321143211133223
000030550020420520410544115254435435442423333223414113142321143211133223 213132 000130550220420520410544115254435435442423333223414113142321143211133223
000130550220420520410544115254435435442423333223414113142321143211133223 313211 000130550220420521410544115254435435442423333223414113142321143211133223
000130550220420521410544115254435435442423333223414113142321143211133223 321143 300130550220420521410544115254435435442423333223414113142321143211133223
300130550220420521410544115254435435442423333223414113142321143211133223 114332 000000000000000000000000000000000000000000000000000000000000000000002000
000000000000000000000000000000000000000000000000000000000000000000002000 433233 000000000000000000000000000000000000000000000000000000004000003000002000
=== end ===
000000000000000000000000000000000000000000000000000000000000000000000000 114433 000000000000000000000000000000000000000000000000000000000000010000010000
000000000000000000000000000000000000000000000000000000000000010000010000 443324 000000000000000000000000000000000000000000000000000000000000410000410000
000000000000000000000000000000000000000000000000000000000000410000410000 332414 000000000000000000000000000000000000000000000000030000030000410000410000
000000000000000000000000000000000000000000000000030000030000410000410000 241422 000000000000000000000000000000000000000000000000230000430000410000410000
000000000000000000000000000000000000000000000000230000430000410000410000 142243 000000000000000000000000000000000000000000000000230000430000411000414000
000000000000000000000000000000000000000000000000230000430000411000414000 224313 000000000000000000000000000000000000000000220000230000430000411000414000
000000000000000000000000000000000000000000220000230000430000411000414000 431334 000000000000000000000000000000000000000000220000233000434000411000414000
000000000000000000000000000000000000000000220000233000434000411000414000 133431 000000000000000000000000000000000000310000220000233000434000411000414000
000000000000000000000000000000000000310000220000233000434000411000414000 343121 000000000000000000000000000000000000310000220000233000434000411400414300
000000000000000000000000000000000000310000220000233000434000411400414300 312143 000000000000000000000000000000000000310000220000233000434000411400414331
000000000000000000000000000000000000310000220000233000434000411400414331 214334 000000000000000000000000020000010000310000220000233000434000411400414331
000000000000000000000000020000010000310000220000233000434000411400414331 433433 000000000000000000000000020000010000310000220000233000434030411440414331
000000000000000000000000020000010000310000220000233000434030411440414331 343334 000000000000000000000000020000010000310000220030233040434030411440414331
000000000000000000000000020000010000310000220030233040434030411440414331 333411 000000000000000000000000320000310000310000220030233040434030411440414331
000000000000000000000000320000310000310000220030233040434030411440414331 341112 000000000000000000000000320000310000310000220030233040434033411444414330
000000000000000000000000320000310000310000220030233040434033411444414330 111244 000000000000000000000000320000310000310000220031233041434033411444414331
000000000000000000000000320000310000310000220031233041434033411444414331 124421 000000000000000000020000320000310000310000221031233041434033411444414331
000000000000000000020000320000310000310000221031233041434033411444414331 442112 000000000000000000020000320000310004310004221031233041434033411444414331
000000000000000000020000320000310004310004221031233041434033411444414331 211241 000000000000000000020000320000310004310014221031233041434233411444414331
000000000000000000020000320000310004310014221031233041434233411444414331 124134 000000000000000000020000320000310004310014221131233241434233411444414331
000000000000000000020000320000310004310014221131233241434233411444414331 413433 000000000000000000020001320004310004310014221131233241434233411444414331
000000000000000000020001320004310004310014221131233241434233411444414331 343344 000000000000000004020001320004310034310014221131233241434233411444414331
000000000000000004020001320004310034310014221131233241434233411444414331 334434 000000000000000004020001320004310334310314221131233241434233411444414331
000000000000000004020001320004310334310314221131233241434233411444414331 443442 000004000004000004020001320004310334310314221131233241434233411444414331
000004000004000004020001320004310334310314221131233241434233411444414331 344231 000000000000000000020000320000310000310000221100233230434233411444414331
000000000000000000020000320000310000310000221100233230434233411444414331 423143 000000000000020000420000320000310000310000221100233230434233411444414331
000000000000020000420000320000310000310000221100233230434233411444414331 314343 000000000000000000000000000000400000300000300000300230404233411444414331
000000000000000000000000000000400000300000300000300230404233411444414331 434312 000000000000000000000000000000400000300000300000340230434233411444414331
000000000000000000000000000000400000300000300000340230434233411444414331 431221 000000000000000000300000400000400000300000300000340230434233411444414331
000000000000000000300000400000400000300000300000340230434233411444414331 122144 000000000000000000300000400000400000300020300010340230434233411444414331
000000000000000000300000400000400000300020300010340230434233411444414331 214442 000000000000000000300000400000400000300020300011340232434233411444414331
000000000000000000300000400000400000300020300011340232434233411444414331 444222 000000000000400000300000400000400000300020340011340232434233411444414331
000000000000400000300000400000400000300020340011340232434233411444414331 422242 000000000000400000300000400000440050320020340011340232434233411444414331
000000000000400000300000400000440050320020340011340232434233411444414331 224242 000000000000400000300000400000440052320022340011340232434233411444414331
000000000000400000300000400000440052320022340011340232434233411444414331 424221 000000000000400000300000400024440052320022340011340232434233411444414331
000000000000400000300000400024440052320022340011340232434233411444414331 422111 000000000000400002300004400024440052320022340011340232434233411444414331
000000000000400002300004400024440052320022340011340232434233411444414331 211112 000001000002400002300004400024440052320022340011340232434233411444414331
000001000002400002300004400024440052320022340011340232434233411444414331 111214 000001000002400002300004400024440052320022341011341232434233411444414331
000001000002400002300004400024440052320022341011341232434233411444414331 121412 000000000000400000300000400001440002320002340024342234434233411444414331
000000000000400000300000400001440002320002340024342234434233411444414331 141242 100000400000400000300000400001440002320002340024342234434233411444414331
100000400000400000300000400001440002320002340024342234434233411444414331 124231 100000400000400002300001400001440002320002340024342234434233411444414331
100000400000400002300001400001440002320002340024342234434233411444414331 423124 100000400000400002300001400001440022320042340024342234434233411444414331
100000400000400002300001400001440022320042340024342234434233411444414331 312444 100000400000400002300001400011440022320042340324342234434233411444414331
100000400000400002300001400011440022320042340324342234434233411444414331 244424 100000400000400002300001400011440422320242340324342234434233411444414331
100000400000400002300001400011440422320242340324342234434233411444414331 442441 100000400000400042300041400011440422320242340324342234434233411444414331
100000400000400042300041400011440422320242340324342234434233411444414331 244131 100004400002400042300041400011440422320242340324342234434233411444414331
100004400002400042300041400011440422320242340324342234434233411444414331 413133 100000400000400000300000400000440400320240340324342234434233411444414331
100000400000400000300000400000440400320240340324342234434233411444414331 313323 100000400000400000300000400000440400321240343324342234434233411444414331
100000400000400000300000400000440400321240343324342234434233411444414331 332331 100000400000400000300000403000443400321240343324342234434233411444414331
100000400000400000300000403000443400321240343324342234434233411444414331 233112 100000400000400000300300403200443400321240343324342234434233411444414331
=== end ===
000000000000000000000000000000000000000000000000000000000000000000000000 112312 000000000000000000000000000000000000000000000000000000000000100000100000
000000000000000000000000000000000000000000000000000000000000100000100000 231232 000000000000000000000000000000000000000000000000000000000000120000130000
000000000000000000000000000000000000000000000000000000000000120000130000 123242 000000000000000000000000000000000000000000000000010000020000120000130000
000000000000000000000000000000000000000000000000010000020000120000130000 324223 000000000000000000000000000000000000000000000000010000020000122000133000
000000000000000000000000000000000000000000000000010000020000122000133000 422331 000000000000000000000000000000000000000000000000010000020000122400133200
000000000000000000000000000000000000000000000000010000020000122400133200 233143 000000000000000000000000000000000000000000000000010300020200122400133200
000000000000000000000000000000000000000000000000010300020200122400133200 314312 000000000000000000000000000000000000000000000000310300120200122400133200
000000000000000000000000000000000000000000000000310300120200122400133200 431231 000000000000000000000000000000000000000000000000314300123200122400133200
000000000000000000000000000000000000000000000000314300123200122400133200 123123 000000000000000000000000000000000000000000000000314300123200122401133202
000000000000000000000000000000000000000000000000314300123200122401133202 312333 000000000000000000000000000000000000000000000000314303123201122401133202
000000000000000000000000000000000000000000000000314303123201122401133202 233311 000000000000000000000000000000000000000000000000314303123201122431133222
000000000000000000000000000000000000000000000000314303123201122431133222 331113 000000000000000000000000000000000000300000300000314303123201122431133222
000000000000000000000000000000000000300000300000314303123201122431133222 111332 000000000000000000000000000000000000310000310000314303123201122431133222
000000000000000000000000000000000000310000310000314303123201122431133222 133214 000000000000000000000000000000000000310000310000314333123211122431133222
000000000000000000000000000000000000310000310000314333123211122431133222 321443 000000000000000000000000000000000000310030310020314333123211122431133222
000000000000000000000000000000000000310030310020314333123211122431133222 144314 000000000000000000000000000000000000310034310021314333123211122431133222
000000000000000000000000000000000000310034310021314333123211122431133222 431411 000000000000000000000000000000000034310034310021314333123211122431133222
000000000000000000000000000000000034310034310021314333123211122431133222 141124 000000000000000000000001000004000034310034310021314333123211122431133222
000000000000000000000001000004000034310034310021314333123211122431133222 112434 000000000000000000000011000014000034310034310021314333123211122431133222
000000000000000000000011000014000034310034310021314333123211122431133222 243434 000000000000000040000011000014000034310034310221314333123211122431133222
000000000000000040000011000014000034310034310221314333123211122431133222 343412 000000000000000040000011000014000334310434310221314333123211122431133222
000000000000000040000011000014000334310434310221314333123211122431133222 341223 000000000000000040000011000014000334313434314221314333123211122431133222
000000000000000040000011000014000334313434314221314333123211122431133222 122314 000000000010000042000011000014000334313434314221314333123211122431133222
000000000010000042000011000014000334313434314221314333123211122431133222 231421 000003000012000042000011000014000334313434314221314333123211122431133222
000003000012000042000011000014000334313434314221314333123211122431133222 142123 000003000012000042000011000014400334303434304221304333123211122431133222
000003000012000042000011000014400334303434304221304333123211122431133222 212312 000003000012000042000011000014400334353434324221314333123211122431133222
000003000012000042000011000014400334353434324221314333123211122431133222 231211 000023000012000042000011000014400334353434324221314333123211122431133222
000023000012000042000011000014400334353434324221314333123211122431133222 121121 000023000012000042000011200014410334353434324221314333123211122431133222
000023000012000042000011200014410334353434324221314333123211122431133222 112131 000023000012000042000011210014411334353434324221314333123211122431133222
000023000012000042000011210014411334353434324221314333123211122431133222 213141 000023000012100042200011210014411334353434324221314333123211122431133222
000023000012100042200011210014411334353434324221314333123211122431133222 314144 000023000012100042201011213014411334353434324221314333123211122431133222
000023000012100042201011213014411334353434324221314333123211122431133222 414443 000023100012100042241011213014411334353434324221314333123211122431133222
000023100012100042241011213014411334353434324221314333123211122431133222 444333 000023100012144042241011213014411334353434324221314333123211122431133222
000023100012144042241011213014411334353434324221314333123211122431133222 433323 300023100012100042201011213014411334353434324221314333123211122431133222
300023100012100042201011213014411334353434324221314333123211122431133222 332341 300023150012135042231011213014411334353434324221314333123211122431133222
300023150012135042231011213014411334353434324221314333123211122431133222 234144 330023150012135042231011213014411334353434324221314333123211122431133222
330023150012135042231011213014411334353434324221314333123211122431133222 414414 330050150030130050230023213013411332353432324221314333123211122431133222
330050150030130050230023213013411332353432324221314333123211122431133222 441443 330000150004130054230123213213411332353432324221314333123211122431133222
330000150004130054230123213213411332353432324221314333123211122431133222 144331 330000150044130154230123213213411332353432324221314333123211122431133222
330000150044130154230123213213411332353432324221314333123211122431133222 433123 330000150044133154234123213213411332353432324221314333123211122431133222
330000150044133154234123213213411332353432324221314333123211122431133222 312312 330300150144133154234123213213411332353432324221314333123211122431133222
330300150144133154234123213213411332353432324221314333123211122431133222 231233 500000122144133154234123213213411332353432324221314333123211122431133222
500000122144133154234123213213411332353432324221314333123211122431133222 123341 520000122144133154234123213213411332353432324221314333123211122431133222
520000122144133154234123213213411332353432324221314333123211122431133222 334132 520003122144133154234123213213411332353432324221314333123211122431133222
520003122144133154234123213213411332353432324221314333123211122431133222 413243 520000122000133000231020213210111332353132324221314333123211122131133222
520000122000133000231020213210111332353132324221314333123211122131133222 324324 000000100000100000200000200000400000300010320221310333123211122431133222
000000100000100000200000200000400000300010320221310333123211122431133222 432414 000000100000100000200000200000400000300310320221314333123211122431133222
000000100000100000200000200000400000300310320221314333123211122431133222 241443 000000100000100000200000200020400040300310320221314333123211122431133222
000000100000100000200000200020400040300310320221314333123211122431133222 144333 000000100000100000200000200020400044300311320221314333123211122431133222
000000100000100000200000200020400044300311320221314333123211122431133222 433314 000000100000100000200000200320400444300311320221314333123211122431133222
000000100000100000200000200320400444300311320221314333123211122431133222 331443 000000100000100000200330200320400444300311320221314333123211122431133222
000000100000100000200330200320400444300311320221314333123211122431133222 144332 000000100100100400200330200320400444304311323221314333123211122431133222
000000100100100400200330200320400444304311323221314333123211122431133222 433221 000000100100100400200330200320430444344311323221314333123211122431133222
000000100100100400200330200320430444344311323221314333123211122431133222 322144 000000100100100400200330202320433444344311323221314333123211122431133222
=== end ===
000000000000000000000000000000000000000000000000000000000000000000000000 211244 000000000000000000000000000000000000000000000000000000000000020000010000
000000000000000000000000000000000000000000000000000000000000020000010000 124444 000000000000000000000000000000000000000000000000000000000000220000110000
000000000000000000000000000000000000000000000000000000000000220000110000 444433 000000000000000000000000000000000000000000000000000000000000220000114400
000000000000000000000000000000000000000000000000000000000000220000114400 443321 000000000000000000000000000000000000000000000000000000440000220000114400
000000000000000000000000000000000000000000000000000000440000220000114400 332121 000000000000000000000000000000000000000000000000000000440000220000114433
000000000000000000000000000000000000000000000000000000440000220000114433 212121 000000000000000000000000000000000000000000000000210000440000220000114433
000000000000000000000000000000000000000000000000210000440000220000114433 212143 000000000000000000000000000000000000000000210000210000440000220000114433
000000000000000000000000000000000000000000210000210000440000220000114433 214341 000000000000000000000000000000000000210000210000210000440000220000114433
000000000000000000000000000000000000210000210000210000440000220000114433 434141 000000000000000000000000000000000000210000210000210000440000224300114433
000000000000000000000000000000000000210000210000210000440000224300114433 414134 000000000000000000000000000000000000210000210000210000441400224300114433
000000000000000000000000000000000000210000210000210000441400224300114433 413422 000000000000000000000000000000000000210000210000210100441400224340114433
000000000000000000000000000000000000210000210000210100441400224340114433 342232 000000000000000000000000000000000000210000210000210100441430224344114433
000000000000000000000000000000000000210000210000210100441430224344114433 223243 000000000000000000000000000000000000210000210000210102441432224344114433
000000000000000000000000000000000000210000210000210102441432224344114433 324324 000000000000000000000000000000000000210000210030210122441432224344114433
000000000000000000000000000000000000210000210030210122441432224344114433 432434 000000000000000000000000000000000000210000210330214122441432224344114433
000000000000000000000000000000000000210000210330214122441432224344114433 243412 000000000000000000000000000000000000212000214330214122441432224344114433
000000000000000000000000000000000000212000214330214122441432224344114433 341221 000000000000000000000000000000000000212004214333214122441432224344114433
000000000000000000000000000000000000212004214333214122441432224344114433 122134 000000000000000000000000001000002000212004214333214122441432224344114433
000000000000000000000000001000002000212004214333214122441432224344114433 213433 000000000000000000000000001000002200212104214333214122441432224344114433
000000000000000000000000001000002200212104214333214122441432224344114433 343323 000000000000000000000000001000002230212144214333214122441432224344114433
000000000000000000000000001000002230212144214333214122441432224344114433 332313 000000000000000000000000001003002233212144214333214122441432224344114433
000000000000000000000000001003002233212144214333214122441432224344114433 231331 000000000000000000000000000000000000200044204333204122441432224344114433
000000000000000000000000000000000000200044204333204122441432224344114433 133112 000000000000000000000000000000000000203144204333204122441432224344114433
000000000000000000000000000000000000203144204333204122441432224344114433 311242 000000000000000000000000000300000100203144204333204122441432224344114433
000000000000000000000000000300000100203144204333204122441432224344114433 124221 000000000000000000000000000300000112203144204333204122441432224344114433
000000000000000000000000000300000112203144204333204122441432224344114433 422143 000000000000000000000000000342000112203144204333204122441432224344114433
000000000000000000000000000342000112203144204333204122441432224344114433 214324 000000000000000001000002000342000112203144204333204122441432224344114433
000000000000000001000002000342000112203144204333204122441432224344114433 432411 000000000500000401000302000342000112203144204333204122441432224344114433
000000000500000401000302000342000112203144204333204122441432224344114433 241131 000000000000000000000000000000000000200000204000204122441432224344114433
000000000000000000000000000000000000200000204000204122441432224344114433 113144 000000000000000000000000000000001000201000204000204122441432224344114433
000000000000000000000000000000001000201000204000204122441432224344114433 314441 000000000000000000000000000000001000201300204100204122441432224344114433
000000000000000000000000000000001000201300204100204122441432224344114433 444124 000000000000000000000000000000000000000000000000000322000432004344114433
000000000000000000000000000000000000000000000000000322000432004344114433 412422 000000000040000010000010000330000131300441200241214322341432334344114433
000000000040000010000010000330000131300441200241214322341432334344114433 242222 000050000040000410000110000330000131300441200241214322341432334344114433
000050000040000410000110000330000131300441200241214322341432334344114433 222233 000000000040000410000112000332000131300441200241214322341432334344114433
000000000040000410000112000332000131300441200241214322341432334344114433 223343 000050000540000415000112000332502131302441255241214322341432334344114433
000050000540000415000112000332502131302441255241214322341432334344114433 334321 000050000540000415000112000332532131332441255241214322341432334344114433
000050000540000415000112000332532131332441255241214322341432334344114433 432111 000000000000000000000000000000532000332400255200214300341430334344114433
000000000000000000000000000000532000332400255200214300341430334344114433 211132 000000000000000000200000100000532000332400255200214300341430334344114433
000000000000000000200000100000532000332400255200214300341430334344114433 113222 000000000000000000210000110000532000332400255200214300341430334344114433
000000000000000000210000110000532000332400255200214300341430334344114433 322221 000000300000200000210000110000532000332400255200214300341430334344114433
000000300000200000210000110000532000332400255200214300341430334344114433 222144 000000300000200000210000110000532000332400255220214320341430334344114433
000000300000200000210000110000532000332400255220214320341430334344114433 214413 000000300000200000210000110100532200332400255220214320341430334344114433
000000300000200000210000110100532200332400255220214320341430334344114433 441314 000000300000200000210000110100532240332440255220214320341430334344114433
000000300000200000210000110100532240332440255220214320341430334344114433 131412 000000310000230000210000110100532240332440255220214320341430334344114433
000000310000230000210000110100532240332440255220214320341430334344114433 141241 000000000000000000000000000000000000000000000000000000000000000000000200
000000000000000000000000000000000000000000000000000000000000000000000200 124121 000000000000000000000000000000000000000000000000000000000000000000012200
000000000000000000000000000000000000000000000000000000000000000000012200 412142 000000000000000000000000000000000000000000000000000000000000400000112200
000000000000000000000000000000000000000000000000000000000000400000112200 214214 000000000000000000000000000000000000000000000000000000000000412000112200
000000000000000000000000000000000000000000000000000000000000412000112200 421433 000000000000000000000000000000000000000000000000000000420000412000112200
000000000000000000000000000000000000000000000000000000420000412000112200 143333 000000000000000000000000000000000000000000100000400000420000412000112200
000000000000000000000000000000000000000000100000400000420000412000112200 333323 000000000000000000000000000000000000000000100000400000420300412300112200
000000000000000000000000000000000000000000100000400000420300412300112200 332324 000000000000000000000000000000000000000000100000400000420300412300112233
=== end ===
000000000000000000000000000000000000000000000000000000000000000000000000 211142 000000000000000000000000000000000000000000000000000000000000020000010000
000000000000000000000000000000000000000000000000000000000000020000010000 114223 000000000000000000000000000000000000000000000000000000000000120000110000
000000000000000000000000000000000000000000000000000000000000120000110000 422324 000000000000000000000000000000000000000000000000000000000000124000112000
000000000000000000000000000000000000000000000000000000000000124000112000 232423 000000000000000000000000000000000000000000000000000000000000124000112230
000000000000000000000000000000000000000000000000000000000000124000112230 242312 000000000000000000000000000000000000000000000000002000004000124000112230
000000000000000000000000000000000000000000000000002000004000124000112230 231213 000000000000000000000000000000000000000000000000002000004000124230112230
000000000000000000000000000000000000000000000000002000004000124230112230 121331 000000000000000000000000000000000000000000000000022000014000124230112230
000000000000000000000000000000000000000000000000022000014000124230112230 133131 000000000000000000000000000000000000000000000000022000014000124233112231
000000000000000000000000000000000000000000000000022000014000124233112231 313144 000000000000000000000000000000000000000000000000022000014310124233112231
000000000000000000000000000000000000000000000000022000014310124233112231 314422 000000000000000000000000000000000000000000000020020130010311120233112231
000000000000000000000000000000000000000000000020020130010311120233112231 442211 000000000000000000000000000000000000000000000020220130210311120233112231
000000000000000000000000000000000000000000000020220130210311120233112231 221131 000000000000000000000000000000000000000000000022220132210311120233112231
000000000000000000000000000000000000000000000022220132210311120233112231 113144 000000000000000000000000000000000000100000100022220132210311120233112231
000000000000000000000000000000000000100000100022220132210311120233112231 314443 000000000000000000000000000000000000100000100022220132211311123233112231
000000000000000000000000000000000000100000100022220132211311123233112231 444323 000000000000000000000000000000000000100000104022224132211311123233112231
000000000000000000000000000000000000100000104022224132211311123233112231 432311 000000000000000000000000000000500055100043104022224132211311123233112231
000000000000000000000000000000500055100043104022224132211311123233112231 231121 000000000000000000000003000002500055100043104022224132211311123233112231
000000000000000000000003000002500055100043104022224132211311123233112231 112143 000000000000000000000013000012500055100043104022224132211311123233112231
000000000000000000000013000012500055100043104022224132211311123233112231 214334 000000000020000010000013000012500055100043104022224132211311123233112231
000000000020000010000013000012500055100043104022224132211311123233112231 433442 000000000020000010000013000012500055100343104422224132211311123233112231
000000000020000010000013000012500055100343104422224132211311123233112231 344221 000000000020000010000013000412500355100343104422224132211311123233112231
000000000020000010000013000412500355100343104422224132211311123233112231 422143 000000000000000000000000000020000010000013000012000055000443000322000332
000000000000000000000000000020000010000013000012000055000443000322000332 214343 000000000000000010000020000020000010000013000012000055000443000322000332
000000000000000010000020000020000010000013000012000055000443000322000332 434322 000000000000000010000020000020000010000013000312000455000443000322000332
000000000000000010000020000020000010000013000312000455000443000322000332 432214 000000000040000010000020000020000010000313000312000455000443000322000332
000000000040000010000020000020000010000313000312000455000443000322000332 221442 000020000040000010000020000020000210000313000312000455000443000322000332
000020000040000010000020000020000210000313000312000455000443000322000332 144232 000020000040000010000020000020000210000313000312000455000443004322001332
000020000040000010000020000020000210000313000312000455000443004322001332 423212 000020000040000010000220000420000210000313000312000455000443004322001332
000020000040000010000220000420000210000313000312000455000443004322001332 321244 000020000040000010000220000420000210000313000312002455003443004322001332
000020000040000010000220000420000210000313000312002455003443004322001332 124432 000020000040000010000220000420000210000313000312002455003443204322101332
=== end ===
000000000000000000000000000000000000000000000000000000000000000000000000 311434 000000000000000000000000000000000000000000000000000000000000030000010000
000000000000000000000000000000000000000000000000000000000000030000010000 143411 000000000000000000000000000000000000000000000000000000000000430000110000
000000000000000000000000000000000000000000000000000000000000430000110000 341114 000000000000000000000000000000000000000000000000000000430000430000110000
000000000000000000000000000000000000000000000000000000430000430000110000 111412 000000000000000000000000000000000000000000100000100000430000430000110000
000000000000000000000000000000000000000000100000100000430000430000110000 141242 000000000000000000000000000000000000000000110000140000430000430000110000
000000000000000000000000000000000000000000110000140000430000430000110000 124244 000000000000000000000000000000000000000000110000140000430000430000111200
000000000000000000000000000000000000000000110000140000430000430000111200 424443 000000000000000000000000000000000000000000110000140000430000434200111200
000000000000000000000000000000000000000000110000140000430000434200111200 444334 000000000000000000000000000000400000400000110000140000430000434200111200
000000000000000000000000000000400000400000110000140000430000434200111200 433434 000000000000000000300000400000400000400000110000140000430000434200111200
000000000000000000300000400000400000400000110000140000430000434200111200 343414 000000000000000000300000400000400000400000110000140000433400434200111200
000000000000000000300000400000400000400000110000140000433400434200111200 341433 000000000000000000300000400000400000400000110000140000433400434200111243
000000000000000000300000400000400000400000110000140000433400434200111243 143324 000000400000100000300000400001400001400003110001140031433413434243111243
000000400000100000300000400001400001400003110001140031433413434243111243 332441 000000400000100000300000400001400041400033112011144231433413434243111243
000000400000100000300000400001400041400033112011144231433413434243111243 244144 000000400050100010300041405041401041402033112511144231433413434243111243
000000400050100010300041405041401041402033112511144231433413434243111243 414422 000000400053100013300041405041401041402033112511144231433413434243111243
000000400053100013300041405041401041402033112511144231433413434243111243 442231 000000400000100000300000405000401000402000112011144231433413434243111243
000000400000100000300000405000401000402000112011144231433413434243111243 223142 000000400000102000302000405000401000402000112011144231433413434243111243
000000400000102000302000405000401000402000112011144231433413434243111243 314243 000000400000102000302000405000401010402030112011144231433413434243111243
000000400000102000302000405000401010402030112011144231433413434243111243 424332 000000000000000000000000000000000010000030000011000031000013000043404043
000000000000000000000000000000000010000030000011000031000013000043404043 433242 000000000000000000000000000000000010000030000011000031000013000443404343
000000000000000000000000000000000010000030000011000031000013000443404343 324221 000000000000000000000000000000000010000030000011000031000313002443404343
000000000000000000000000000000000010000030000011000031000313002443404343 422144 000000000000000000000000000000000010000030000011000031000313022443444343
000000000000000000000000000000000010000030000011000031000313022443444343 214411 000000000000000000000000000000000010000030000011000031021313022443444343
000000000000000000000000000000000010000030000011000031021313022443444343 441111 000000000000000000000000000000000010000030000011044031021313022443444343
000000000000000000000000000000000010000030000011044031021313022443444343 111122 000000000000000000000000000000000010000030011011044031021313022443444343
000000000000000000000000000000000010000030011011044031021313022443444343 112233 000000000000000000000010000010000010000030011011044031021313022443444343
000000000000000000000010000010000010000030011011044031021313022443444343 223311 000050000050055555055515055515055515555535511211544231521313522443444343
=== end ===
